"","TC 1 (Bottom) Last (C)","TC 6 Flying Last (C)","TC 5 (Top) Last (C)","TC4 Nozzle Last (C)"
"1","14.793","14.517","14.707","15.010"
"2","14.786","14.515","14.702","15.003"
"3","14.794","14.512","14.706","15.009"
"4","14.787","14.511","14.705","14.998"
"5","14.787","14.511","14.707","15.000"
"6","14.790","14.511","14.704","14.995"
"7","14.796","14.516","14.706","14.994"
"8","14.800","14.522","14.711","14.998"
"9","14.800","14.515","14.713","14.987"
"10","14.799","14.521","14.713","14.986"
"11","14.799","14.519","14.711","14.990"
"12","14.803","14.525","14.719","14.996"
"13","14.802","14.524","14.720","15.004"
"14","14.804","14.530","14.718","15.010"
"15","14.801","14.521","14.713","15.008"
"16","14.803","14.523","14.712","15.007"
"17","14.798","14.522","14.708","14.996"
"18","14.791","14.509","14.703","14.981"
"19","14.789","14.509","14.707","14.974"
"20","14.794","14.515","14.711","14.982"
"21","14.800","14.520","14.712","14.985"
"22","14.802","14.512","14.710","14.985"
"23","14.801","14.517","14.717","14.982"
"24","14.792","14.510","14.709","14.975"
"25","14.800","14.508","14.708","14.979"
"26","14.794","14.514","14.712","14.973"
"27","14.799","14.515","14.713","14.987"
"28","14.808","14.517","14.719","14.989"
"29","14.807","14.516","14.717","14.981"
"30","14.805","14.522","14.721","14.981"
"31","14.811","14.524","14.720","14.987"
"32","14.810","14.530","14.728","14.989"
"33","14.807","14.527","14.719","14.988"
"34","14.811","14.525","14.729","14.985"
"35","14.808","14.522","14.725","14.981"
"36","14.810","14.524","14.728","14.982"
"37","14.812","14.526","14.726","14.978"
"38","14.814","14.527","14.727","14.980"
"39","14.815","14.531","14.719","14.986"
"40","14.821","14.537","14.733","14.985"
"41","14.825","14.533","14.737","14.985"
"42","14.816","14.532","14.725","14.984"
"43","14.815","14.529","14.729","14.979"
"44","14.817","14.528","14.730","14.974"
"45","14.812","14.523","14.719","14.973"
"46","14.816","14.529","14.732","14.983"
"47","14.813","14.529","14.723","14.974"
"48","14.810","14.522","14.722","14.978"
"49","14.804","14.522","14.713","14.980"
"50","14.810","14.521","14.713","14.980"
"51","14.805","14.521","14.718","14.973"
"52","14.806","14.524","14.720","14.976"
"53","14.812","14.526","14.717","14.976"
"54","14.812","14.529","14.723","14.980"
"55","14.818","14.533","14.727","14.979"
"56","14.823","14.535","14.733","14.983"
"57","14.819","14.534","14.728","14.980"
"58","14.818","14.531","14.723","14.979"
"59","14.813","14.527","14.723","14.962"
"60","14.812","14.522","14.720","14.974"
"61","14.814","14.523","14.720","14.976"
"62","14.809","14.517","14.717","14.962"
"63","14.807","14.518","14.710","14.961"
"64","14.804","14.518","14.709","14.961"
"65","14.804","14.521","14.709","14.958"
"66","14.809","14.519","14.715","14.962"
"67","14.811","14.529","14.719","14.970"
"68","14.813","14.522","14.716","14.972"
"69","14.808","14.526","14.717","14.971"
"70","14.813","14.525","14.719","14.979"
"71","14.819","14.527","14.725","14.975"
"72","14.817","14.526","14.724","14.976"
"73","14.820","14.530","14.730","14.971"
"74","14.828","14.532","14.734","14.971"
"75","14.828","14.533","14.736","14.972"
"76","14.826","14.531","14.727","14.962"
"77","14.825","14.535","14.735","14.967"
"78","14.831","14.539","14.734","14.973"
"79","14.833","14.540","14.740","14.977"
"80","14.826","14.535","14.735","14.972"
"81","14.825","14.537","14.741","14.971"
"82","14.827","14.530","14.732","14.973"
"83","14.824","14.527","14.732","14.968"
"84","14.824","14.531","14.733","14.972"
"85","14.821","14.524","14.726","14.968"
"86","14.820","14.525","14.728","14.967"
"87","14.818","14.525","14.729","14.968"
"88","14.811","14.520","14.723","14.962"
"89","14.813","14.524","14.720","14.959"
"90","14.808","14.521","14.724","14.946"
"91","14.807","14.516","14.717","14.953"
"92","14.811","14.524","14.718","14.962"
"93","14.804","14.531","14.724","14.963"
"94","14.791","14.522","14.715","14.956"
"95","14.794","14.525","14.717","14.954"
"96","14.785","14.520","14.704","14.951"
"97","14.770","14.522","14.701","14.950"
"98","14.771","14.524","14.696","14.950"
"99","14.766","14.525","14.702","14.952"
"100","14.764","14.534","14.701","14.955"
"101","14.751","14.529","14.697","14.955"
"102","14.733","14.533","14.685","14.950"
"103","14.724","14.528","14.685","14.946"
"104","14.708","14.530","14.674","14.941"
"105","14.691","14.529","14.665","14.943"
"106","14.677","14.529","14.656","14.940"
"107","14.661","14.524","14.644","14.941"
"108","14.640","14.519","14.633","14.941"
"109","14.613","14.512","14.624","14.947"
"110","14.598","14.518","14.623","14.959"
"111","14.576","14.517","14.602","14.955"
"112","14.558","14.521","14.594","14.960"
"113","14.521","14.514","14.570","14.958"
"114","14.486","14.518","14.553","14.966"
"115","14.468","14.530","14.545","14.987"
"116","14.450","14.536","14.538","14.995"
"117","14.413","14.531","14.518","14.996"
"118","14.367","14.550","14.498","14.992"
"119","14.328","14.559","14.470","15.002"
"120","14.289","14.556","14.440","15.021"
"121","14.238","14.550","14.414","15.049"
"122","14.192","14.547","14.379","15.046"
"123","14.150","14.548","14.359","15.042"
"124","14.104","14.544","14.320","15.028"
"125","14.050","14.545","14.297","15.025"
"126","14.004","14.519","14.254","15.014"
"127","13.954","14.494","14.229","15.011"
"128","13.910","14.485","14.199","15.006"
"129","13.858","14.485","14.179","15.021"
"130","13.812","14.499","14.155","15.037"
"131","13.751","14.501","14.117","15.052"
"132","13.686","14.502","14.070","15.045"
"133","13.626","14.502","14.033","15.072"
"134","13.557","14.498","13.994","15.105"
"135","13.485","14.490","13.941","15.098"
"136","13.403","14.486","13.881","15.080"
"137","13.327","14.476","13.831","15.079"
"138","13.260","14.463","13.783","15.083"
"139","13.181","14.467","13.731","15.102"
"140","13.101","14.470","13.678","15.108"
"141","13.012","14.462","13.622","15.103"
"142","12.934","14.450","13.563","15.111"
"143","12.846","14.445","13.505","15.104"
"144","12.763","14.455","13.456","15.168"
"145","12.681","14.447","13.398","15.273"
"146","12.588","14.431","13.335","15.316"
"147","12.488","14.413","13.272","15.335"
"148","12.391","14.411","13.205","15.378"
"149","12.298","14.415","13.138","15.409"
"150","12.197","14.412","13.077","15.503"
"151","12.101","14.411","13.004","15.690"
"152","11.999","14.413","12.938","15.730"
"153","11.887","14.413","12.854","15.963"
"154","11.779","14.419","12.787","16.048"
"155","11.669","14.395","12.704","16.147"
"156","11.559","14.398","12.628","16.329"
"157","11.442","14.395","12.546","15.991"
"158","11.329","14.386","12.464","16.049"
"159","11.197","14.364","12.369","16.082"
"160","11.068","14.345","12.277","16.052"
"161","10.934","14.331","12.178","15.959"
"162","10.815","14.348","12.094","15.874"
"163","10.685","14.350","11.998","16.035"
"164","10.555","14.356","11.908","16.119"
"165","10.415","14.361","11.806","16.069"
"166","10.279","14.363","11.700","16.001"
"167","10.130","14.361","11.588","15.945"
"168","9.992","14.369","11.482","15.895"
"169","9.834","14.362","11.378","15.828"
"170","9.690","14.359","11.268","15.765"
"171","9.530","14.354","11.149","15.720"
"172","9.372","14.345","11.034","15.680"
"173","9.213","14.336","10.915","15.649"
"174","9.048","14.306","10.788","15.614"
"175","8.884","14.298","10.671","15.580"
"176","8.708","14.285","10.543","15.558"
"177","8.546","14.269","10.422","15.544"
"178","8.379","14.245","10.295","15.516"
"179","8.202","14.225","10.167","15.498"
"180","8.017","14.206","10.031","15.472"
"181","7.835","14.188","9.895","15.461"
"182","7.652","14.162","9.748","15.443"
"183","7.464","14.158","9.604","15.426"
"184","7.274","14.148","9.455","15.414"
"185","7.076","14.128","9.307","15.390"
"186","6.880","14.085","9.155","15.377"
"187","6.682","14.074","9.011","15.372"
"188","6.483","14.062","8.847","15.357"
"189","6.275","14.051","8.687","15.341"
"190","6.071","14.066","8.537","15.339"
"191","5.858","14.060","8.375","15.332"
"192","5.651","14.059","8.206","15.314"
"193","5.433","14.011","8.035","15.303"
"194","5.210","14.000","7.868","15.294"
"195","4.991","13.980","7.695","15.289"
"196","4.765","13.941","7.526","15.280"
"197","4.531","13.930","7.338","15.269"
"198","4.293","13.929","7.157","15.260"
"199","4.059","13.907","6.972","15.246"
"200","3.823","13.888","6.790","15.248"
"201","3.585","13.876","6.607","15.241"
"202","3.342","13.863","6.413","15.233"
"203","3.090","13.848","6.221","15.230"
"204","2.847","13.843","6.025","15.223"
"205","2.594","13.849","5.827","15.212"
"206","2.337","13.829","5.618","15.203"
"207","2.063","13.808","5.403","15.190"
"208","1.798","13.828","5.200","15.185"
"209","1.534","13.826","4.989","15.180"
"210","1.266","13.775","4.785","15.179"
"211","0.994","13.721","4.566","15.168"
"212","0.719","13.700","4.349","15.164"
"213","0.444","13.684","4.129","15.159"
"214","0.158","13.698","3.901","15.156"
"215","-0.122","13.709","3.680","15.151"
"216","-0.419","13.680","3.452","15.151"
"217","-0.717","13.676","3.221","15.138"
"218","-1.018","13.691","2.983","15.133"
"219","-1.323","13.690","2.744","15.128"
"220","-1.630","13.651","2.502","15.119"
"221","-1.938","13.643","2.261","15.110"
"222","-2.255","13.622","2.008","15.099"
"223","-2.570","13.589","1.764","15.096"
"224","-2.877","13.606","1.513","15.096"
"225","-3.202","13.603","1.258","15.085"
"226","-3.526","13.567","1.003","15.080"
"227","-3.851","13.538","0.746","15.076"
"228","-4.177","13.525","0.478","15.071"
"229","-4.508","13.464","0.223","15.068"
"230","-4.838","13.448","-0.048","15.057"
"231","-5.172","13.461","-0.322","15.048"
"232","-5.510","13.488","-0.600","15.047"
"233","-5.848","13.525","-0.878","15.040"
"234","-6.190","13.527","-1.167","15.036"
"235","-6.538","13.483","-1.445","15.027"
"236","-6.873","13.436","-1.725","15.025"
"237","-7.214","13.431","-2.007","15.028"
"238","-7.564","13.402","-2.306","15.022"
"239","-7.908","13.372","-2.592","15.021"
"240","-8.262","13.391","-2.889","15.020"
"241","-8.604","13.410","-3.176","15.012"
"242","-8.957","13.411","-3.477","15.011"
"243","-9.319","13.387","-3.784","15.000"
"244","-9.676","13.389","-4.076","14.995"
"245","-10.035","13.391","-4.385","14.993"
"246","-10.411","13.334","-4.693","14.988"
"247","-10.781","13.349","-4.995","14.981"
"248","-11.147","13.336","-5.304","14.980"
"249","-11.531","13.288","-5.620","14.974"
"250","-11.903","13.255","-5.926","14.963"
"251","-12.284","13.154","-6.240","14.967"
"252","-12.672","13.114","-6.555","14.962"
"253","-13.058","13.144","-6.877","14.965"
"254","-13.436","13.167","-7.190","14.961"
"255","-13.820","13.163","-7.507","14.958"
"256","-14.218","13.106","-7.828","14.954"
"257","-14.616","13.003","-8.150","14.953"
"258","-15.004","12.966","-8.471","14.953"
"259","-15.404","12.959","-8.801","14.953"
"260","-15.803","12.935","-9.128","14.952"
"261","-16.198","12.911","-9.454","14.943"
"262","-16.610","12.917","-9.790","14.940"
"263","-17.013","12.837","-10.126","14.938"
"264","-17.423","12.767","-10.470","14.931"
"265","-17.833","12.771","-10.812","14.933"
"266","-18.235","12.767","-11.162","14.930"
"267","-18.644","12.783","-11.513","14.930"
"268","-19.062","12.781","-11.859","14.921"
"269","-19.480","12.743","-12.215","14.922"
"270","-19.892","12.720","-12.577","14.918"
"271","-20.315","12.738","-12.929","14.917"
"272","-20.750","12.646","-13.296","14.909"
"273","-21.170","12.603","-13.658","14.904"
"274","-21.606","12.606","-14.017","14.904"
"275","-22.027","12.621","-14.387","14.901"
"276","-22.469","12.625","-14.751","14.896"
"277","-22.904","12.579","-15.121","14.888"
"278","-23.332","12.474","-15.489","14.883"
"279","-23.763","12.428","-15.859","14.885"
"280","-24.188","12.326","-16.223","14.888"
"281","-24.622","12.360","-16.600","14.888"
"282","-25.062","12.328","-16.972","14.879"
"283","-25.491","12.248","-17.352","14.872"
"284","-25.929","12.232","-17.736","14.876"
"285","-26.367","12.217","-18.114","14.872"
"286","-26.802","12.159","-18.493","14.873"
"287","-27.244","12.107","-18.877","14.852"
"288","-27.684","12.089","-19.259","14.851"
"289","-28.111","12.048","-19.635","14.847"
"290","-28.557","11.963","-20.021","14.844"
"291","-28.991","11.935","-20.419","14.848"
"292","-29.429","11.926","-20.810","14.839"
"293","-29.864","11.786","-21.204","14.836"
"294","-30.315","11.706","-21.603","14.823"
"295","-30.763","11.757","-22.006","14.823"
"296","-31.217","11.784","-22.404","14.820"
"297","-31.663","11.707","-22.791","14.816"
"298","-32.106","11.665","-23.192","14.819"
"299","-32.561","11.637","-23.585","14.817"
"300","-33.009","11.598","-23.983","14.817"
"301","-33.459","11.572","-24.376","14.810"
"302","-33.904","11.535","-24.773","14.811"
"303","-34.359","11.498","-25.167","14.809"
"304","-34.801","11.539","-25.568","14.811"
"305","-35.246","11.553","-25.963","14.809"
"306","-35.697","11.506","-26.366","14.811"
"307","-36.140","11.529","-26.757","14.812"
"308","-36.590","11.481","-27.160","14.805"
"309","-37.034","11.472","-27.556","14.803"
"310","-37.482","11.440","-27.964","14.799"
"311","-37.933","11.444","-28.362","14.790"
"312","-38.374","11.456","-28.757","14.776"
"313","-38.814","11.454","-29.156","14.778"
"314","-39.245","11.463","-29.547","14.772"
"315","-39.687","11.406","-29.940","14.774"
"316","-40.119","11.285","-30.348","14.778"
"317","-40.574","11.251","-30.752","14.773"
"318","-41.026","11.283","-31.164","14.768"
"319","-41.466","11.218","-31.570","14.764"
"320","-41.903","11.181","-31.966","14.768"
"321","-42.344","11.058","-32.378","14.768"
"322","-42.784","11.043","-32.775","14.765"
"323","-43.219","11.053","-33.181","14.765"
"324","-43.656","11.059","-33.583","14.761"
"325","-44.080","10.935","-33.974","14.771"
"326","-44.509","10.880","-34.378","14.762"
"327","-44.940","10.846","-34.780","14.758"
"328","-45.357","10.871","-35.177","14.759"
"329","-45.786","10.886","-35.566","14.761"
"330","-46.202","10.942","-35.973","14.753"
"331","-46.617","10.970","-36.357","14.750"
"332","-47.028","10.879","-36.748","14.750"
"333","-47.438","10.803","-37.140","14.749"
"334","-47.847","10.755","-37.533","14.751"
"335","-48.247","10.708","-37.909","14.751"
"336","-48.641","10.755","-38.286","14.747"
"337","-49.039","10.794","-38.675","14.753"
"338","-49.435","10.804","-39.058","14.751"
"339","-49.825","10.713","-39.435","14.755"
"340","-50.219","10.517","-39.813","14.761"
"341","-50.611","10.483","-40.197","14.748"
"342","-51.019","10.564","-40.591","14.737"
"343","-51.418","10.566","-40.981","14.736"
"344","-51.804","10.521","-41.355","14.730"
"345","-52.179","10.462","-41.741","14.734"
"346","-52.560","10.394","-42.118","14.730"
"347","-52.932","10.447","-42.494","14.721"
"348","-53.307","10.482","-42.865","14.721"
"349","-53.675","10.552","-43.237","14.719"
"350","-54.045","10.608","-43.607","14.714"
"351","-54.406","10.586","-43.975","14.711"
"352","-54.760","10.592","-44.336","14.709"
"353","-55.119","10.620","-44.693","14.715"
"354","-55.478","10.622","-45.065","14.701"
"355","-55.826","10.570","-45.416","14.708"
"356","-56.185","10.566","-45.787","14.712"
"357","-56.544","10.619","-46.133","14.712"
"358","-56.907","10.576","-46.481","14.703"
"359","-57.286","10.606","-46.845","14.709"
"360","-57.674","10.588","-47.202","14.703"
"361","-58.062","10.431","-47.561","14.694"
"362","-58.461","10.213","-47.916","14.691"
"363","-58.847","10.142","-48.271","14.698"
"364","-59.243","10.159","-48.628","14.697"
"365","-59.647","10.178","-48.983","14.695"
"366","-60.057","10.098","-49.347","14.695"
"367","-60.485","10.059","-49.704","14.692"
"368","-60.896","9.931","-50.063","14.692"
"369","-61.329","9.809","-50.440","14.681"
"370","-61.751","9.773","-50.796","14.677"
"371","-62.173","9.758","-51.178","14.685"
"372","-62.598","9.771","-51.537","14.685"
"373","-63.015","9.788","-51.912","14.683"
"374","-63.444","9.760","-52.282","14.687"
"375","-63.866","9.722","-52.654","14.678"
"376","-64.283","9.612","-53.022","14.676"
"377","-64.698","9.511","-53.383","14.674"
"378","-65.111","9.616","-53.756","14.682"
"379","-65.531","9.701","-54.124","14.671"
"380","-65.941","9.799","-54.496","14.669"
"381","-66.367","9.868","-54.873","14.664"
"382","-66.780","9.957","-55.236","14.656"
"383","-67.218","9.937","-55.606","14.664"
"384","-67.661","9.883","-55.969","14.659"
"385","-68.124","9.901","-56.333","14.661"
"386","-68.595","9.950","-56.710","14.655"
"387","-69.091","9.785","-57.091","14.648"
"388","-69.579","9.669","-57.463","14.646"
"389","-70.074","9.596","-57.842","14.644"
"390","-70.586","9.534","-58.213","14.646"
"391","-71.095","9.410","-58.590","14.641"
"392","-71.589","9.374","-58.960","14.645"
"393","-72.105","9.353","-59.343","14.639"
"394","-72.606","9.348","-59.720","14.636"
"395","-73.116","9.325","-60.097","14.635"
"396","-73.636","9.291","-60.496","14.625"
"397","-74.861","9.223","-60.900","14.614"
"398","-75.356","9.061","-61.296","14.614"
"399","-75.583","9.064","-61.675","14.612"
"400","-75.905","8.994","-62.076","14.605"
"401","-76.223","8.979","-62.457","14.599"
"402","-77.581","9.008","-62.860","14.598"
"403","-78.333","8.949","-63.254","14.596"
"404","-78.801","8.873","-63.651","14.587"
"405","-78.846","8.801","-64.049","14.580"
"406","-78.972","8.797","-64.430","14.572"
"407","-79.266","8.767","-64.822","14.572"
"408","-79.564","8.791","-65.202","14.574"
"409","-80.019","8.801","-65.583","14.578"
"410","-80.491","8.845","-65.970","14.582"
"411","-80.901","8.864","-66.357","14.571"
"412","-81.513","8.773","-66.740","14.569"
"413","-81.946","8.798","-67.134","14.570"
"414","-82.510","8.741","-67.526","14.562"
"415","-83.188","8.728","-67.920","14.561"
"416","-83.725","8.770","-68.303","14.565"
"417","-84.405","8.766","-68.688","14.563"
"418","-85.244","8.810","-69.078","14.563"
"419","-86.001","8.671","-69.465","14.559"
"420","-86.719","8.614","-69.859","14.552"
"421","-87.355","8.477","-70.258","14.545"
"422","-87.820","8.534","-70.657","14.537"
"423","-88.397","8.561","-71.069","14.541"
"424","-88.731","8.590","-71.463","14.534"
"425","-88.916","8.499","-71.852","14.536"
"426","-89.649","8.384","-72.261","14.536"
"427","-90.386","8.352","-72.660","14.526"
"428","-90.810","8.316","-73.051","14.529"
"429","-91.125","8.453","-73.447","14.529"
"430","-92.152","8.509","-73.848","14.520"
"431","-92.877","8.562","-74.242","14.518"
"432","-92.972","8.600","-74.624","14.520"
"433","-93.401","8.551","-75.020","14.514"
"434","-93.982","8.406","-75.412","14.512"
"435","-94.652","8.296","-75.803","14.499"
"436","-94.537","8.288","-76.200","14.488"
"437","-95.205","8.162","-76.587","14.492"
"438","-95.780","8.160","-76.991","14.484"
"439","-96.124","8.206","-77.377","14.479"
"440","-96.651","8.155","-77.766","14.479"
"441","-97.149","8.225","-78.155","14.483"
"442","-97.675","8.296","-78.542","14.479"
"443","-98.032","8.283","-78.922","14.481"
"444","-98.741","8.229","-79.313","14.476"
"445","-99.589","8.251","-79.709","14.466"
"446","-99.796","8.279","-80.097","14.467"
"447","-99.928","8.310","-80.491","14.461"
"448","-100.310","8.213","-80.894","14.454"
"449","-100.573","8.131","-81.290","14.456"
"450","-101.752","8.061","-81.688","14.446"
"451","-101.950","8.057","-82.072","14.432"
"452","-101.974","8.084","-82.458","14.439"
"453","-102.108","8.070","-82.844","14.436"
"454","-102.253","7.928","-83.227","14.430"
"455","-103.022","7.642","-83.608","14.417"
"456","-103.429","7.421","-83.972","14.421"
"457","-103.582","7.398","-84.353","14.413"
"458","-104.128","7.400","-84.737","14.408"
"459","-104.707","7.507","-85.118","14.412"
"460","-105.112","7.581","-85.501","14.401"
"461","-105.749","7.490","-85.883","14.406"
"462","-106.240","7.517","-86.266","14.408"
"463","-106.792","7.309","-86.652","14.401"
"464","-107.322","7.117","-87.031","14.397"
"465","-107.711","7.065","-87.409","14.407"
"466","-108.142","7.205","-87.805","14.392"
"467","-108.640","7.235","-88.186","14.383"
"468","-108.903","7.300","-88.575","14.371"
"469","-109.667","7.136","-88.958","14.372"
"470","-109.959","7.132","-89.332","14.374"
"471","-110.777","7.182","-89.703","14.376"
"472","-111.149","7.108","-90.080","14.374"
"473","-111.774","7.131","-90.472","14.370"
"474","-111.883","7.169","-90.863","14.365"
"475","-112.247","7.154","-91.246","14.368"
"476","-112.625","7.179","-91.639","14.363"
"477","-113.210","7.124","-92.034","14.361"
"478","-113.829","7.120","-92.411","14.367"
"479","-114.571","7.082","-92.797","14.358"
"480","-114.649","7.168","-93.184","14.349"
"481","-115.066","7.201","-93.580","14.345"
"482","-115.355","7.126","-93.967","14.338"
"483","-115.593","7.064","-94.363","14.345"
"484","-116.267","6.791","-94.753","14.336"
"485","-116.915","6.698","-95.142","14.341"
"486","-118.111","6.780","-95.540","14.325"
"487","-118.747","6.816","-95.933","14.325"
"488","-119.374","6.907","-96.326","14.321"
"489","-120.134","6.772","-96.732","14.315"
"490","-120.793","6.734","-97.135","14.308"
"491","-121.647","6.673","-97.525","14.319"
"492","-122.128","6.742","-97.929","14.321"
"493","-123.307","6.835","-98.324","14.325"
"494","-123.708","6.736","-98.712","14.327"
"495","-124.532","6.782","-99.108","14.318"
"496","-125.330","6.784","-99.495","14.318"
"497","-125.468","6.796","-99.883","14.307"
"498","-125.514","6.510","-100.274","14.305"
"499","-125.605","6.447","-100.676","14.298"
"500","-126.133","6.358","-101.065","14.286"
"501","-126.403","6.171","-101.459","14.288"
"502","-126.958","6.300","-101.848","14.272"
"503","-127.195","6.531","-102.228","14.264"
"504","-127.656","6.514","-102.614","14.257"
"505","-128.219","6.615","-102.995","14.255"
"506","-128.920","6.564","-103.378","14.251"
"507","-129.298","6.753","-103.753","14.257"
"508","-129.562","6.865","-104.122","14.261"
"509","-130.004","6.745","-104.500","14.259"
"510","-130.503","6.568","-104.875","14.255"
"511","-130.931","6.486","-105.253","14.248"
"512","-131.506","6.574","-105.620","14.252"
"513","-131.934","6.660","-105.973","14.260"
"514","-132.365","6.654","-106.340","14.256"
"515","-132.886","6.690","-106.705","14.254"
"516","-133.160","6.852","-107.078","14.235"
"517","-133.292","6.888","-107.434","14.230"
"518","-133.714","6.871","-107.777","14.228"
"519","-134.089","6.815","-108.119","14.223"
"520","-134.298","6.664","-108.454","14.232"
"521","-134.384","6.565","-108.787","14.234"
"522","-134.297","6.445","-109.116","14.225"
"523","-134.273","6.436","-109.451","14.223"
"524","-134.467","6.344","-109.781","14.225"
"525","-134.636","6.320","-110.096","14.217"
"526","-134.778","6.417","-110.429","14.208"
"527","-134.697","6.491","-110.756","14.204"
"528","-134.959","6.373","-111.073","14.206"
"529","-134.984","6.154","-111.389","14.201"
"530","-134.897","6.274","-111.689","14.204"
"531","-135.313","6.253","-111.986","14.195"
"532","-135.590","6.232","-112.280","14.190"
"533","-135.383","6.248","-112.576","14.179"
"534","-135.765","6.166","-112.865","14.175"
"535","-136.026","6.113","-113.153","14.172"
"536","-135.872","6.004","-113.419","14.177"
"537","-135.835","5.981","-113.705","14.170"
"538","-135.890","6.084","-113.965","14.172"
"539","-135.770","6.130","-114.228","14.176"
"540","-135.592","6.236","-114.495","14.177"
"541","-135.574","6.242","-114.744","14.179"
"542","-135.592","6.236","-114.996","14.179"
"543","-135.506","6.317","-115.254","14.185"
"544","-135.650","6.317","-115.503","14.172"
"545","-135.709","6.296","-115.741","14.176"
"546","-135.573","6.241","-115.965","14.185"
"547","-135.622","6.222","-116.194","14.189"
"548","-135.431","6.315","-116.413","14.189"
"549","-135.496","6.315","-116.648","14.187"
"550","-135.481","6.408","-116.861","14.185"
"551","-135.548","6.357","-117.068","14.185"
"552","-135.293","6.218","-117.267","14.187"
"553","-135.530","6.079","-117.469","14.191"
"554","-135.413","6.149","-117.673","14.187"
"555","-135.730","6.144","-117.872","14.193"
"556","-135.687","6.035","-118.054","14.198"
"557","-135.548","6.005","-118.231","14.200"
"558","-135.554","6.050","-118.415","14.198"
"559","-135.545","6.132","-118.592","14.196"
"560","-135.357","6.159","-118.757","14.202"
"561","-135.527","6.096","-118.934","14.196"
"562","-135.367","5.940","-119.094","14.187"
"563","-135.022","5.928","-119.259","14.183"
"564","-134.970","5.942","-119.410","14.185"
"565","-134.994","5.976","-119.561","14.185"
"566","-134.914","6.039","-119.718","14.176"
"567","-135.034","6.056","-119.866","14.166"
"568","-134.972","6.077","-120.004","14.161"
"569","-134.791","6.073","-120.147","14.157"
"570","-134.708","5.978","-120.288","14.161"
"571","-134.775","6.029","-120.411","14.161"
"572","-134.723","6.064","-120.543","14.161"
"573","-134.686","6.163","-120.681","14.152"
"574","-134.461","6.285","-120.804","14.153"
"575","-134.557","6.418","-120.936","14.150"
"576","-134.498","6.317","-121.060","14.146"
"577","-134.486","6.372","-121.171","14.138"
"578","-134.347","6.386","-121.294","14.127"
"579","-134.200","6.407","-121.409","14.120"
"580","-134.147","6.462","-121.514","14.118"
"581","-134.187","6.592","-121.608","14.116"
"582","-133.852","6.691","-121.699","14.116"
"583","-133.651","6.603","-121.784","14.116"
"584","-133.803","6.435","-121.881","14.118"
"585","-133.689","6.429","-121.978","14.112"
"586","-133.535","6.536","-122.054","14.101"
"587","-133.424","6.545","-122.131","14.103"
"588","-133.357","6.582","-122.204","14.097"
"589","-133.252","6.641","-122.277","14.093"
"590","-133.126","6.639","-122.342","14.099"
"591","-133.101","6.711","-122.412","14.084"
"592","-133.027","6.829","-122.480","14.073"
"593","-132.972","6.970","-122.536","14.076"
"594","-132.769","6.941","-122.601","14.084"
"595","-132.563","6.907","-122.659","14.061"
"596","-132.480","6.947","-122.709","14.061"
"597","-132.387","6.900","-122.759","14.065"
"598","-132.251","6.868","-122.805","14.058"
"599","-132.125","6.787","-122.849","14.041"
"600","-132.054","6.626","-122.881","14.023"
"601","-132.008","6.481","-122.946","14.022"
"602","-131.904","6.389","-122.990","14.007"
"603","-131.679","6.503","-123.000","14.005"
"604","-131.517","6.600","-123.018","14.024"
"605","-131.332","6.581","-123.068","14.020"
"606","-131.252","6.669","-123.088","14.024"
"607","-131.178","6.747","-123.091","14.037"
"608","-131.089","6.804","-123.115","14.038"
"609","-130.901","6.891","-123.159","14.031"
"610","-130.759","6.920","-123.176","14.023"
"611","-130.688","6.998","-123.167","14.014"
"612","-130.528","7.121","-123.196","14.013"
"613","-130.402","7.136","-123.223","14.026"
"614","-130.226","7.071","-123.208","14.026"
"615","-130.072","7.018","-123.216","14.035"
"616","-129.934","6.890","-123.302","14.027"
"617","-129.706","6.813","-123.314","14.024"
"618","-129.583","6.828","-123.341","14.016"
"619","-129.492","6.881","-123.321","14.006"
"620","-129.348","6.954","-123.344","13.995"
"621","-129.205","6.994","-123.379","13.990"
"622","-129.119","7.057","-123.273","13.991"
"623","-129.060","7.080","-123.202","13.992"
"624","-128.928","7.090","-123.223","13.996"
"625","-128.811","7.116","-123.167","13.994"
"626","-128.703","6.973","-123.095","13.995"
"627","-128.592","6.851","-123.078","13.993"
"628","-128.434","6.919","-123.083","13.984"
"629","-128.025","7.005","-123.036","13.984"
"630","-127.808","7.057","-123.004","13.982"
"631","-127.879","7.051","-122.963","13.987"
"632","-127.844","7.072","-122.851","13.986"
"633","-127.776","7.177","-122.699","14.000"
"634","-127.689","7.253","-122.600","14.000"
"635","-127.601","7.207","-122.474","13.998"
"636","-127.510","7.157","-122.350","13.997"
"637","-127.404","7.140","-122.230","14.002"
"638","-127.316","7.173","-122.139","14.000"
"639","-127.214","7.264","-122.043","13.998"
"640","-127.117","7.201","-121.911","13.998"
"641","-127.021","7.197","-121.794","14.007"
"642","-126.865","7.201","-121.726","14.002"
"643","-126.686","7.205","-121.720","14.004"
"644","-126.607","7.252","-121.711","13.998"
"645","-126.551","7.277","-121.626","13.994"
"646","-126.475","7.235","-121.544","13.994"
"647","-126.294","7.256","-121.442","13.990"
"648","-126.211","7.275","-121.354","13.987"
"649","-126.114","7.340","-121.242","13.996"
"650","-126.006","7.336","-121.152","13.992"
"651","-125.828","7.387","-121.049","13.990"
"652","-125.687","7.533","-120.994","13.980"
"653","-125.608","7.610","-120.947","13.982"
"654","-125.500","7.556","-120.906","13.982"
"655","-125.420","7.602","-120.827","13.979"
"656","-125.320","7.501","-120.709","13.975"
"657","-125.168","7.434","-120.613","13.978"
"658","-125.063","7.379","-120.572","13.978"
"659","-124.946","7.213","-120.508","13.980"
"660","-124.840","7.106","-120.434","13.982"
"661","-124.711","7.207","-120.352","13.976"
"662","-124.617","7.289","-120.258","13.982"
"663","-124.502","7.308","-120.179","13.980"
"664","-124.406","7.264","-120.050","13.978"
"665","-124.295","7.300","-119.972","13.982"
"666","-124.125","7.340","-119.911","13.972"
"667","-123.958","7.306","-119.830","13.974"
"668","-123.870","7.255","-119.721","13.969"
"669","-123.790","7.342","-119.631","13.970"
"670","-123.682","7.418","-119.519","13.970"
"671","-123.598","7.553","-119.357","13.974"
"672","-123.495","7.540","-119.217","13.983"
"673","-123.396","7.479","-119.066","13.981"
"674","-121.665","7.488","-115.484","13.985"
"675","-115.176","7.574","-109.026","13.979"
"676","-110.975","7.576","-106.151","13.981"
"677","-108.523","7.627","-103.967","13.984"
"678","-106.519","7.709","-102.560","13.975"
"679","-105.278","7.695","-101.807","13.975"
"680","-104.485","7.587","-101.250","13.979"
"681","-103.801","7.398","-100.236","13.977"
"682","-102.429","7.312","-99.354","13.986"
"683","-101.666","7.360","-98.994","13.986"
"684","-100.913","7.371","-98.640","13.980"
"685","-100.752","7.287","-98.684","13.976"
"686","-100.736","7.167","-98.329","13.982"
"687","-100.337","7.150","-97.975","13.982"
"688","-99.858","7.239","-97.446","13.979"
"689","-99.429","7.214","-97.124","13.965"
"690","-98.941","7.321","-96.559","13.951"
"691","-98.859","7.452","-96.177","13.949"
"692","-99.186","7.584","-96.182","13.951"
"693","-99.638","7.595","-96.167","13.945"
"694","-99.772","7.629","-95.977","13.938"
"695","-100.032","7.660","-96.113","13.945"
"696","-100.239","7.688","-95.818","13.951"
"697","-100.100","7.760","-95.258","13.951"
"698","-99.841","7.800","-94.978","13.954"
"699","-99.318","7.779","-94.652","13.945"
"700","-99.084","7.712","-94.739","13.947"
"701","-98.555","7.682","-94.354","13.947"
"702","-97.956","7.745","-93.511","13.945"
"703","-97.938","7.850","-93.236","13.950"
"704","-97.278","7.857","-92.322","13.954"
"705","-96.490","7.958","-91.644","13.952"
"706","-96.429","7.809","-91.398","13.951"
"707","-96.511","7.816","-91.732","13.959"
"708","-96.084","7.590","-91.275","13.970"
"709","-95.360","7.469","-90.987","13.962"
"710","-94.854","7.504","-90.602","13.957"
"711","-94.851","7.559","-90.638","13.960"
"712","-94.469","7.612","-90.047","13.953"
"713","-93.901","7.542","-89.885","13.953"
"714","-93.711","7.581","-89.927","13.953"
"715","-93.804","7.705","-89.989","13.954"
"716","-93.627","7.846","-89.730","13.943"
"717","-93.041","7.947","-89.517","13.941"
"718","-92.697","7.891","-89.777","13.943"
"719","-92.708","7.838","-89.601","13.946"
"720","-92.384","7.781","-89.240","13.950"
"721","-91.483","7.763","-88.755","13.946"
"722","-91.298","7.668","-88.973","13.953"
"723","-91.206","7.589","-88.508","13.949"
"724","-90.530","7.690","-88.258","13.957"
"725","-90.410","7.816","-87.746","13.962"
"726","-90.001","7.805","-87.318","13.958"
"727","-89.692","7.871","-87.246","13.943"
"728","-89.887","7.875","-87.150","13.943"
"729","-90.632","7.758","-87.450","13.939"
"730","-90.539","7.638","-87.247","13.926"
"731","-89.935","7.585","-86.940","13.924"
"732","-89.423","7.560","-86.975","13.926"
"733","-88.933","7.556","-86.599","13.924"
"734","-88.864","7.626","-86.834","13.924"
"735","-88.406","7.637","-86.159","13.929"
"736","-88.238","7.647","-86.758","13.925"
"737","-88.270","7.687","-86.540","13.931"
"738","-87.959","7.721","-86.278","13.932"
"739","-87.664","7.669","-86.224","13.936"
"740","-87.494","7.641","-85.986","13.942"
"741","-87.580","7.686","-86.261","13.930"
"742","-87.556","7.724","-86.110","13.932"
"743","-87.343","7.759","-86.016","13.928"
"744","-87.068","7.762","-85.333","13.926"
"745","-86.996","7.823","-85.583","13.926"
"746","-87.044","7.848","-85.799","13.917"
"747","-87.106","7.883","-85.564","13.929"
"748","-86.975","7.963","-85.183","13.929"
"749","-86.673","7.965","-85.003","13.937"
"750","-86.604","7.982","-85.030","13.931"
"751","-86.357","8.038","-84.777","13.929"
"752","-86.231","8.058","-84.795","13.925"
"753","-86.008","8.037","-84.808","13.929"
"754","-85.904","7.982","-84.825","13.930"
"755","-85.706","8.026","-84.736","13.930"
"756","-85.838","8.094","-84.744","13.941"
"757","-85.779","8.073","-84.536","13.936"
"758","-85.737","8.118","-84.603","13.930"
"759","-85.787","8.166","-84.445","13.937"
"760","-85.703","8.263","-84.285","13.942"
"761","-87.206","8.291","-84.074","13.944"
"762","-86.951","8.411","-83.976","13.940"
"763","-86.285","8.350","-83.968","13.946"
"764","-85.471","8.422","-83.379","13.940"
"765","-85.241","8.378","-83.474","13.932"
"766","-85.172","8.389","-83.645","13.928"
"767","-85.301","8.364","-84.227","13.928"
"768","-85.272","8.431","-83.913","13.920"
"769","-85.180","8.492","-84.621","13.920"
"770","-85.180","8.453","-85.364","13.916"
"771","-85.119","8.455","-85.329","13.920"
"772","-85.072","8.405","-85.258","13.927"
"773","-84.859","8.409","-84.896","13.920"
"774","-84.931","8.495","-84.377","13.910"
"775","-84.629","8.432","-83.295","13.912"
"776","-84.439","8.285","-83.441","13.904"
"777","-84.323","8.420","-83.308","13.904"
"778","-84.494","8.523","-83.494","13.917"
"779","-84.246","8.565","-83.041","13.910"
"780","-84.308","8.521","-83.222","13.906"
"781","-84.615","8.452","-83.581","13.915"
"782","-84.554","8.436","-83.029","13.905"
"783","-84.448","8.421","-83.247","13.900"
"784","-84.587","8.343","-83.322","13.896"
"785","-84.540","8.342","-83.149","13.903"
"786","-84.258","8.401","-82.768","13.904"
"787","-83.976","8.403","-82.605","13.908"
"788","-83.907","8.416","-82.704","13.917"
"789","-83.716","8.397","-82.442","13.906"
"790","-83.580","8.393","-82.365","13.912"
"791","-83.734","8.452","-82.709","13.898"
"792","-83.927","8.553","-82.492","13.900"
"793","-83.772","8.629","-82.482","13.900"
"794","-83.809","8.568","-82.260","13.900"
"795","-83.784","8.617","-82.433","13.896"
"796","-83.782","8.623","-82.195","13.892"
"797","-83.579","8.713","-82.121","13.892"
"798","-84.433","8.796","-82.164","13.890"
"799","-85.142","8.735","-82.184","13.890"
"800","-84.780","8.681","-82.082","13.892"
"801","-84.016","8.786","-81.763","13.889"
"802","-83.664","8.862","-81.840","13.895"
"803","-83.400","8.869","-81.959","13.896"
"804","-83.432","8.865","-81.596","13.889"
"805","-83.499","8.858","-81.927","13.887"
"806","-83.623","8.831","-82.148","13.877"
"807","-83.596","8.785","-82.398","13.872"
"808","-83.646","8.766","-82.542","13.864"
"809","-83.443","8.910","-81.978","13.841"
"810","-83.381","8.878","-81.688","13.834"
"811","-83.062","8.832","-81.609","13.841"
"812","-83.072","8.775","-81.666","13.852"
"813","-83.290","8.742","-81.627","13.850"
"814","-83.422","8.727","-81.585","13.848"
"815","-83.436","8.723","-81.679","13.856"
"816","-83.392","8.774","-81.961","13.856"
"817","-83.066","8.856","-81.523","13.865"
"818","-82.645","8.746","-81.187","13.870"
"819","-82.643","8.688","-80.999","13.870"
"820","-82.621","8.741","-81.078","13.876"
"821","-82.673","8.854","-80.903","13.870"
"822","-82.866","8.823","-80.896","13.864"
"823","-82.797","8.781","-80.990","13.858"
"824","-82.839","8.758","-81.233","13.864"
"825","-82.879","8.792","-81.094","13.860"
"826","-82.797","8.819","-80.738","13.869"
"827","-82.892","8.763","-80.966","13.880"
"828","-83.082","8.733","-81.132","13.875"
"829","-83.006","8.700","-80.961","13.874"
"830","-83.034","8.698","-81.130","13.870"
"831","-82.863","8.829","-81.009","13.862"
"832","-82.989","8.852","-81.197","13.859"
"833","-83.163","8.873","-81.215","13.868"
"834","-83.171","8.893","-80.985","13.866"
"835","-83.156","8.948","-80.902","13.863"
"836","-83.030","8.784","-81.090","13.862"
"837","-82.926","8.763","-80.726","13.867"
"838","-83.206","8.813","-81.139","13.867"
"839","-83.208","8.763","-80.934","13.862"
"840","-83.307","8.708","-81.570","13.867"
"841","-84.223","8.670","-82.726","13.863"
"842","-85.323","8.645","-83.748","13.861"
"843","-86.254","8.614","-84.620","13.852"
"844","-86.950","8.551","-85.385","13.850"
"845","-87.539","8.568","-85.982","13.858"
"846","-87.975","8.735","-86.445","13.853"
"847","-88.322","8.789","-86.814","13.858"
"848","-88.624","8.703","-87.131","13.864"
"849","-88.852","8.670","-87.382","13.856"
"850","-89.001","8.763","-87.605","13.845"
"851","-89.147","8.860","-87.798","13.833"
"852","-89.298","8.809","-87.969","13.829"
"853","-89.412","8.808","-88.130","13.844"
"854","-89.519","8.812","-88.286","13.838"
"855","-89.598","8.825","-88.412","13.827"
"856","-89.665","8.799","-88.529","13.820"
"857","-89.717","8.882","-88.616","13.823"
"858","-89.767","8.871","-88.688","13.823"
"859","-89.811","8.804","-88.759","13.831"
"860","-89.844","8.752","-88.824","13.836"
"861","-89.889","8.891","-88.889","13.832"
"862","-89.941","8.963","-88.941","13.834"
"863","-89.964","8.902","-88.979","13.837"
"864","-90.009","8.902","-89.023","13.846"
"865","-90.055","8.860","-89.058","13.846"
"866","-90.102","8.818","-89.086","13.852"
"867","-90.135","8.776","-89.113","13.865"
"868","-90.187","8.823","-89.175","13.866"
"869","-90.246","8.861","-89.222","13.862"
"870","-90.267","8.871","-89.250","13.849"
"871","-90.308","8.916","-89.247","13.840"
"872","-90.331","8.810","-89.223","13.842"
"873","-90.370","8.777","-89.215","13.836"
"874","-90.401","8.710","-89.201","13.847"
"875","-90.465","8.640","-89.179","13.851"
"876","-90.509","8.596","-89.166","13.850"
"877","-90.571","8.506","-89.157","13.852"
"878","-90.636","8.420","-89.157","13.846"
"879","-90.695","8.374","-89.145","13.850"
"880","-90.785","8.393","-89.130","13.855"
"881","-90.870","8.452","-89.103","13.855"
"882","-90.970","8.440","-89.056","13.850"
"883","-91.017","8.503","-89.009","13.849"
"884","-91.032","8.448","-88.920","13.849"
"885","-91.055","8.539","-88.787","13.844"
"886","-91.117","8.572","-88.636","13.821"
"887","-91.199","8.543","-88.477","13.821"
"888","-91.266","8.562","-88.307","13.819"
"889","-91.362","8.516","-88.144","13.817"
"890","-91.460","8.508","-87.976","13.806"
"891","-91.601","8.510","-87.837","13.794"
"892","-91.742","8.405","-87.688","13.789"
"893","-91.843","8.304","-87.560","13.781"
"894","-91.899","8.300","-87.441","13.779"
"895","-91.984","8.310","-87.323","13.776"
"896","-92.080","8.361","-87.229","13.775"
"897","-92.132","8.319","-87.140","13.771"
"898","-92.188","8.382","-87.068","13.764"
"899","-92.301","8.376","-86.986","13.771"
"900","-92.455","8.409","-86.922","13.775"
"901","-92.614","8.433","-86.857","13.777"
"902","-92.773","8.487","-86.811","13.783"
"903","-92.905","8.378","-86.754","13.783"
"904","-93.031","8.236","-86.752","13.765"
"905","-93.139","8.118","-86.745","13.732"
"906","-93.252","8.160","-86.727","13.730"
"907","-93.386","8.154","-86.733","13.731"
"908","-93.507","8.137","-86.718","13.739"
"909","-93.646","8.104","-86.730","13.744"
"910","-93.800","7.998","-86.750","13.754"
"911","-93.939","8.013","-86.765","13.763"
"912","-94.088","8.051","-86.813","13.774"
"913","-94.237","7.965","-86.860","13.764"
"914","-94.415","7.953","-86.912","13.742"
"915","-94.597","8.039","-86.981","13.747"
"916","-94.742","8.094","-87.056","13.747"
"917","-94.893","8.067","-87.138","13.752"
"918","-95.042","8.025","-87.209","13.760"
"919","-95.217","7.979","-87.306","13.764"
"920","-95.436","8.050","-87.403","13.765"
"921","-95.660","8.051","-87.510","13.773"
"922","-95.914","8.145","-87.609","13.778"
"923","-96.161","8.160","-87.710","13.786"
"924","-96.400","8.167","-87.819","13.797"
"925","-96.657","8.068","-87.938","13.793"
"926","-96.845","8.081","-88.050","13.798"
"927","-97.050","8.064","-88.171","13.796"
"928","-97.259","8.167","-88.300","13.787"
"929","-97.469","8.094","-88.439","13.781"
"930","-97.713","8.079","-88.572","13.772"
"931","-98.001","8.058","-88.714","13.763"
"932","-98.253","8.033","-88.855","13.760"
"933","-98.519","7.907","-88.997","13.771"
"934","-98.755","7.856","-89.133","13.773"
"935","-98.986","7.752","-89.272","13.786"
"936","-99.231","7.706","-89.428","13.789"
"937","-99.449","7.682","-89.574","13.799"
"938","-99.609","7.643","-89.735","13.797"
"939","-99.791","7.516","-89.884","13.806"
"940","-99.987","7.485","-90.026","13.810"
"941","-100.217","7.542","-90.188","13.810"
"942","-100.396","7.565","-90.357","13.809"
"943","-100.573","7.559","-90.525","13.794"
"944","-100.740","7.528","-90.684","13.785"
"945","-100.909","7.425","-90.849","13.781"
"946","-101.164","7.448","-91.014","13.781"
"947","-101.325","7.511","-91.173","13.786"
"948","-101.517","7.481","-91.345","13.787"
"949","-101.729","7.528","-91.504","13.775"
"950","-101.933","7.585","-91.674","13.788"
"951","-102.091","7.566","-91.839","13.797"
"952","-102.303","7.493","-92.003","13.786"
"953","-102.489","7.441","-92.181","13.780"
"954","-102.668","7.472","-92.338","13.784"
"955","-102.883","7.535","-92.510","13.772"
"956","-103.087","7.550","-92.692","13.763"
"957","-103.268","7.569","-92.851","13.758"
"958","-103.464","7.737","-93.042","13.748"
"959","-103.682","7.748","-93.214","13.752"
"960","-103.915","7.742","-93.387","13.761"
"961","-104.133","7.843","-93.559","13.766"
"962","-104.382","7.926","-93.732","13.757"
"963","-104.522","7.913","-93.907","13.766"
"964","-104.715","7.848","-94.076","13.775"
"965","-104.908","7.764","-94.243","13.781"
"966","-105.106","7.758","-94.423","13.781"
"967","-105.329","7.760","-94.596","13.784"
"968","-105.410","7.756","-94.761","13.793"
"969","-105.593","7.687","-94.935","13.798"
"970","-105.735","7.693","-95.113","13.802"
"971","-105.931","7.696","-95.288","13.791"
"972","-106.089","7.723","-95.470","13.787"
"973","-106.258","7.910","-95.640","13.791"
"974","-106.486","7.904","-95.828","13.779"
"975","-106.698","7.871","-96.002","13.774"
"976","-106.918","7.759","-96.165","13.777"
"977","-107.100","7.595","-96.347","13.779"
"978","-107.288","7.528","-96.517","13.786"
"979","-107.511","7.562","-96.694","13.777"
"980","-107.645","7.615","-96.890","13.763"
"981","-107.774","7.657","-97.057","13.763"
"982","-107.967","7.586","-97.235","13.767"
"983","-108.243","7.574","-97.410","13.767"
"984","-108.463","7.521","-97.595","13.751"
"985","-108.608","7.464","-97.770","13.742"
"986","-108.839","7.528","-97.968","13.746"
"987","-109.022","7.497","-98.154","13.743"
"988","-109.261","7.364","-98.336","13.765"
"989","-109.419","7.350","-98.532","13.762"
"990","-109.591","7.364","-98.712","13.767"
"991","-109.781","7.362","-98.904","13.767"
"992","-110.008","7.350","-99.110","13.771"
"993","-110.304","7.398","-99.280","13.778"
"994","-110.458","7.371","-99.483","13.780"
"995","-110.654","7.266","-99.684","13.770"
"996","-110.926","7.254","-99.882","13.755"
"997","-111.106","7.317","-100.081","13.757"
"998","-111.330","7.279","-100.282","13.759"
"999","-111.588","7.219","-100.496","13.755"
"1000","-111.792","7.156","-100.705","13.751"
"1001","-112.006","7.068","-100.904","13.758"
"1002","-112.172","6.948","-101.116","13.748"
"1003","-112.365","6.868","-101.312","13.737"
"1004","-112.583","6.630","-101.524","13.700"
"1005","-112.786","6.561","-101.736","13.682"
"1006","-113.041","6.576","-101.948","13.682"
"1007","-113.299","6.495","-102.152","13.695"
"1008","-113.532","6.537","-102.359","13.695"
"1009","-113.751","6.600","-102.582","13.693"
"1010","-113.983","6.676","-102.799","13.698"
"1011","-114.207","6.756","-103.011","13.702"
"1012","-114.592","6.706","-103.223","13.704"
"1013","-114.844","6.584","-103.443","13.713"
"1014","-115.121","6.635","-103.674","13.718"
"1015","-115.346","6.618","-103.902","13.722"
"1016","-115.537","6.414","-104.124","13.727"
"1017","-115.881","6.374","-104.352","13.721"
"1018","-116.184","6.404","-104.594","13.706"
"1019","-116.431","6.364","-104.835","13.708"
"1020","-116.689","6.181","-105.071","13.713"
"1021","-116.899","6.131","-105.318","13.719"
"1022","-117.233","6.110","-105.554","13.722"
"1023","-117.499","6.232","-105.801","13.726"
"1024","-117.678","6.268","-106.037","13.728"
"1025","-117.989","6.190","-106.276","13.737"
"1026","-118.191","6.247","-106.512","13.743"
"1027","-118.371","6.243","-106.745","13.744"
"1028","-118.642","6.214","-106.989","13.727"
"1029","-118.993","6.035","-107.228","13.724"
"1030","-119.125","5.891","-107.461","13.723"
"1031","-119.204","5.807","-107.692","13.702"
"1032","-119.490","5.826","-107.923","13.702"
"1033","-119.661","5.954","-108.143","13.713"
"1034","-119.874","6.100","-108.371","13.719"
"1035","-119.998","6.136","-108.594","13.724"
"1036","-120.220","6.171","-108.814","13.713"
"1037","-120.388","6.220","-109.044","13.694"
"1038","-120.579","6.168","-109.256","13.690"
"1039","-120.743","6.119","-109.476","13.683"
"1040","-120.843","6.122","-109.683","13.684"
"1041","-121.122","6.065","-109.890","13.669"
"1042","-121.331","6.152","-110.104","13.672"
"1043","-121.408","6.171","-110.311","13.678"
"1044","-121.558","6.140","-110.522","13.678"
"1045","-121.681","6.243","-110.723","13.681"
"1046","-121.819","6.296","-110.914","13.685"
"1047","-121.960","6.325","-111.124","13.690"
"1048","-122.069","6.410","-111.315","13.688"
"1049","-122.199","6.437","-111.517","13.684"
"1050","-122.460","6.435","-111.697","13.682"
"1051","-122.560","6.413","-111.893","13.684"
"1052","-122.622","6.451","-112.067","13.699"
"1053","-122.757","6.485","-112.258","13.693"
"1054","-122.874","6.474","-112.443","13.689"
"1055","-122.995","6.377","-112.619","13.693"
"1056","-123.057","6.399","-112.771","13.705"
"1057","-123.215","6.405","-112.942","13.705"
"1058","-123.363","6.420","-113.108","13.705"
"1059","-123.451","6.494","-113.271","13.701"
"1060","-123.484","6.471","-113.433","13.686"
"1061","-123.516","6.429","-113.582","13.680"
"1062","-123.595","6.469","-113.739","13.676"
"1063","-123.760","6.497","-113.899","13.673"
"1064","-123.780","6.383","-114.050","13.676"
"1065","-123.843","6.255","-114.185","13.672"
"1066","-123.978","6.089","-114.337","13.664"
"1067","-124.054","6.062","-114.458","13.668"
"1068","-124.152","6.103","-114.590","13.679"
"1069","-124.190","6.221","-114.744","13.675"
"1070","-124.348","6.197","-114.881","13.677"
"1071","-124.437","6.114","-115.013","13.675"
"1072","-124.493","5.981","-115.154","13.671"
"1073","-124.605","5.977","-115.263","13.684"
"1074","-124.640","6.030","-115.392","13.676"
"1075","-124.652","6.184","-115.502","13.672"
"1076","-124.664","6.199","-115.622","13.670"
"1077","-124.782","6.209","-115.732","13.664"
"1078","-124.779","6.180","-115.841","13.660"
"1079","-124.797","6.176","-115.953","13.642"
"1080","-124.856","6.195","-116.066","13.628"
"1081","-124.797","6.179","-116.181","13.628"
"1082","-124.801","6.303","-116.288","13.639"
"1083","-124.822","6.307","-116.392","13.644"
"1084","-124.939","6.188","-116.496","13.620"
"1085","-124.928","6.169","-116.594","13.620"
"1086","-125.002","6.159","-116.690","13.632"
"1087","-125.002","6.140","-116.791","13.630"
"1088","-125.067","6.164","-116.878","13.623"
"1089","-125.190","6.185","-116.971","13.617"
"1090","-125.243","6.208","-117.071","13.606"
"1091","-125.310","6.227","-117.161","13.597"
"1092","-125.413","6.212","-117.254","13.600"
"1093","-125.487","6.181","-117.338","13.607"
"1094","-125.523","6.263","-117.431","13.588"
"1095","-125.535","6.186","-117.518","13.573"
"1096","-125.608","6.171","-117.605","13.588"
"1097","-125.650","6.174","-117.692","13.595"
"1098","-125.735","6.148","-117.779","13.588"
"1099","-125.814","6.151","-117.864","13.589"
"1100","-125.862","6.187","-117.948","13.599"
"1101","-125.927","6.214","-118.030","13.611"
"1102","-125.992","6.130","-118.117","13.613"
"1103","-126.062","6.190","-118.184","13.602"
"1104","-126.139","6.266","-118.263","13.607"
"1105","-126.142","6.255","-118.347","13.603"
"1106","-126.175","6.180","-118.409","13.618"
"1107","-126.251","6.176","-118.477","13.625"
"1108","-126.263","6.149","-118.561","13.625"
"1109","-126.311","6.096","-118.634","13.615"
"1110","-126.299","6.036","-118.710","13.608"
"1111","-126.332","6.011","-118.778","13.600"
"1112","-126.326","5.893","-118.848","13.604"
"1113","-126.341","5.979","-118.916","13.611"
"1114","-126.327","6.228","-118.963","13.603"
"1115","-126.333","6.259","-119.036","13.592"
"1116","-126.395","6.260","-119.098","13.590"
"1117","-126.389","6.270","-119.146","13.599"
"1118","-126.410","6.180","-119.202","13.593"
"1119","-126.422","6.037","-119.250","13.598"
"1120","-126.428","5.894","-119.298","13.604"
"1121","-126.470","5.798","-119.352","13.587"
"1122","-126.443","5.842","-119.411","13.551"
"1123","-126.482","5.920","-119.470","13.518"
"1124","-126.479","6.083","-119.521","13.521"
"1125","-126.515","6.232","-119.555","13.534"
"1126","-126.374","5.990","-119.603","13.547"
"1127","-126.377","5.843","-119.639","13.562"
"1128","-126.392","5.852","-119.678","13.554"
"1129","-126.396","5.947","-119.712","13.544"
"1130","-126.396","5.926","-119.758","13.555"
"1131","-126.423","5.968","-119.791","13.559"
"1132","-126.429","5.893","-119.831","13.551"
"1133","-126.435","5.885","-119.862","13.549"
"1134","-126.397","5.952","-119.904","13.551"
"1135","-126.415","5.948","-119.941","13.540"
"1136","-126.421","5.936","-119.969","13.539"
"1137","-126.404","5.940","-120.000","13.532"
"1138","-126.287","6.058","-120.027","13.528"
"1139","-126.272","6.020","-120.048","13.539"
"1140","-126.182","6.056","-120.080","13.537"
"1141","-126.273","6.057","-120.122","13.539"
"1142","-126.343","6.132","-120.151","13.533"
"1143","-126.259","6.080","-120.181","13.540"
"1144","-126.297","6.070","-120.214","13.523"
"1145","-126.309","6.148","-120.237","13.500"
"1146","-126.321","6.047","-120.282","13.498"
"1147","-126.380","6.009","-120.338","13.504"
"1148","-126.340","5.957","-120.394","13.511"
"1149","-126.340","5.875","-120.429","13.520"
"1150","-126.390","5.844","-120.441","13.529"
"1151","-126.516","5.736","-120.485","13.520"
"1152","-126.595","5.671","-120.526","13.531"
"1153","-126.622","5.707","-120.573","13.531"
"1154","-126.704","5.821","-120.644","13.540"
"1155","-126.822","5.910","-120.683","13.534"
"1156","-126.914","5.929","-120.730","13.532"
"1157","-126.999","5.965","-120.757","13.539"
"1158","-127.082","5.826","-120.801","13.539"
"1159","-127.105","5.709","-120.831","13.547"
"1160","-127.138","5.759","-120.869","13.554"
"1161","-127.170","5.838","-120.905","13.546"
"1162","-127.215","5.870","-120.961","13.536"
"1163","-127.291","5.828","-120.979","13.534"
"1164","-127.377","5.855","-121.029","13.538"
"1165","-127.442","5.782","-121.097","13.530"
"1166","-127.500","5.746","-121.123","13.523"
"1167","-127.545","5.778","-121.165","13.532"
"1168","-127.588","5.794","-121.214","13.532"
"1169","-127.614","5.758","-121.243","13.532"
"1170","-127.664","5.874","-121.290","13.512"
"1171","-127.717","5.948","-121.332","13.493"
"1172","-127.756","6.014","-121.370","13.489"
"1173","-127.792","6.065","-121.409","13.507"
"1174","-127.843","5.962","-121.442","13.501"
"1175","-127.901","5.889","-121.480","13.495"
"1176","-127.922","5.996","-121.513","13.486"
"1177","-127.951","5.990","-121.560","13.493"
"1178","-127.945","5.989","-121.627","13.492"
"1179","-127.951","6.076","-121.706","13.486"
"1180","-127.949","6.032","-121.736","13.471"
"1181","-127.978","6.093","-121.765","13.473"
"1182","-127.969","5.950","-121.760","13.471"
"1183","-127.970","5.767","-121.792","13.478"
"1184","-127.991","5.645","-121.822","13.483"
"1185","-128.009","5.652","-121.849","13.475"
"1186","-127.983","5.663","-121.890","13.471"
"1187","-128.004","5.752","-121.920","13.484"
"1188","-127.995","5.648","-121.917","13.484"
"1189","-127.957","5.560","-121.991","13.480"
"1190","-127.925","5.657","-122.085","13.480"
"1191","-127.951","5.708","-122.111","13.482"
"1192","-127.937","5.599","-122.123","13.478"
"1193","-127.905","5.531","-122.132","13.480"
"1194","-127.893","5.571","-122.129","13.474"
"1195","-127.879","5.643","-122.194","13.482"
"1196","-127.864","5.660","-122.238","13.491"
"1197","-127.861","5.674","-122.209","13.480"
"1198","-127.867","5.675","-122.182","13.482"
"1199","-127.888","5.656","-121.467","13.489"
"1200","-125.632","5.687","-118.698","13.493"
"1201","-120.233","5.786","-116.107","13.489"
"1202","-116.864","5.816","-114.074","13.485"
"1203","-115.682","5.785","-113.716","13.473"
"1204","-114.450","5.848","-112.585","13.449"
"1205","-113.895","5.838","-111.716","13.438"
"1206","-113.251","5.941","-111.282","13.423"
"1207","-112.859","5.850","-110.428","13.419"
"1208","-112.565","5.962","-110.211","13.428"
"1209","-112.381","6.021","-109.842","13.430"
"1210","-112.048","6.074","-109.558","13.433"
"1211","-110.992","6.150","-108.309","13.407"
"1212","-110.306","6.092","-107.299","13.395"
"1213","-109.841","6.043","-106.911","13.401"
"1214","-109.393","6.046","-106.467","13.387"
"1215","-108.742","6.120","-105.604","13.393"
"1216","-108.603","6.284","-105.639","13.389"
"1217","-108.303","6.404","-105.271","13.389"
"1218","-107.866","6.332","-104.473","13.391"
"1219","-107.121","6.263","-104.208","13.393"
"1220","-107.121","6.272","-103.892","13.389"
"1221","-106.610","6.087","-103.332","13.381"
"1222","-105.846","5.935","-102.544","13.381"
"1223","-105.452","5.889","-102.657","13.385"
"1224","-105.275","5.803","-101.955","13.390"
"1225","-105.042","5.816","-101.221","13.397"
"1226","-104.978","5.932","-101.114","13.399"
"1227","-104.368","5.966","-100.701","13.388"
"1228","-103.810","5.881","-99.801","13.382"
"1229","-103.878","5.850","-99.920","13.363"
"1230","-103.621","5.846","-99.262","13.374"
"1231","-103.388","5.812","-99.019","13.374"
"1232","-103.342","5.710","-98.441","13.385"
"1233","-102.927","5.830","-97.845","13.379"
"1234","-102.692","6.022","-98.100","13.368"
"1235","-102.389","6.009","-98.346","13.349"
"1236","-102.049","5.950","-98.164","13.326"
"1237","-101.639","5.908","-97.789","13.353"
"1238","-101.387","5.891","-98.275","13.358"
"1239","-101.355","5.892","-98.609","13.371"
"1240","-101.267","5.806","-98.314","13.365"
"1241","-101.018","5.779","-97.965","13.374"
"1242","-101.126","5.808","-97.601","13.376"
"1243","-101.048","5.798","-97.564","13.374"
"1244","-100.812","5.729","-97.778","13.383"
"1245","-100.947","5.643","-97.899","13.381"
"1246","-101.196","5.634","-97.619","13.390"
"1247","-102.083","5.653","-97.956","13.388"
"1248","-105.929","5.586","-97.275","13.394"
"1249","-106.221","5.691","-98.023","13.390"
"1250","-106.637","5.477","-97.707","13.392"
"1251","-107.008","5.435","-97.877","13.382"
"1252","-106.887","5.391","-98.332","13.386"
"1253","-107.053","5.355","-99.139","13.376"
"1254","-107.118","5.442","-99.072","13.384"
"1255","-107.223","5.463","-99.337","13.385"
"1256","-107.352","5.446","-99.224","13.374"
"1257","-107.105","5.373","-98.752","13.372"
"1258","-106.621","5.384","-98.768","13.360"
"1259","-107.336","5.441","-98.727","13.345"
"1260","-107.326","5.553","-98.645","13.334"
"1261","-107.227","5.576","-98.465","13.326"
"1262","-107.332","5.500","-98.640","13.345"
"1263","-107.166","5.496","-98.175","13.361"
"1264","-107.215","5.520","-98.389","13.370"
"1265","-107.126","5.529","-98.325","13.363"
"1266","-107.226","5.583","-98.423","13.361"
"1267","-107.319","5.564","-98.587","13.355"
"1268","-107.341","5.451","-98.721","13.344"
"1269","-107.363","5.266","-99.050","13.346"
"1270","-107.283","5.110","-98.444","13.351"
"1271","-107.393","5.071","-98.819","13.355"
"1272","-107.200","4.964","-98.573","13.360"
"1273","-106.879","5.027","-98.334","13.365"
"1274","-107.120","5.206","-98.936","13.367"
"1275","-106.442","5.305","-99.080","13.359"
"1276","-106.317","5.501","-99.016","13.357"
"1277","-106.483","5.638","-98.872","13.359"
"1278","-105.945","5.550","-99.227","13.353"
"1279","-105.723","5.436","-98.924","13.357"
"1280","-105.096","5.359","-98.942","13.359"
"1281","-103.072","5.403","-98.801","13.357"
"1282","-102.143","5.462","-98.866","13.358"
"1283","-102.087","5.460","-99.238","13.354"
"1284","-102.103","5.534","-99.046","13.363"
"1285","-101.954","5.608","-99.478","13.369"
"1286","-102.125","5.692","-99.843","13.369"
"1287","-101.999","5.739","-99.311","13.378"
"1288","-102.101","5.823","-99.209","13.385"
"1289","-102.230","5.771","-99.227","13.387"
"1290","-102.201","5.758","-98.921","13.391"
"1291","-102.606","5.771","-99.312","13.387"
"1292","-102.678","5.792","-99.338","13.373"
"1293","-103.115","5.542","-99.729","13.366"
"1294","-103.392","5.317","-99.773","13.367"
"1295","-103.839","5.161","-99.959","13.367"
"1296","-103.998","5.111","-100.203","13.358"
"1297","-103.693","5.187","-99.936","13.363"
"1298","-103.631","5.284","-99.746","13.363"
"1299","-103.323","5.387","-99.805","13.369"
"1300","-103.313","5.283","-99.924","13.370"
"1301","-103.624","5.142","-100.172","13.360"
"1302","-104.016","5.106","-100.028","13.360"
"1303","-103.893","5.123","-99.742","13.358"
"1304","-104.037","5.148","-100.304","13.358"
"1305","-104.271","5.281","-100.209","13.367"
"1306","-103.923","5.265","-99.776","13.352"
"1307","-103.725","5.398","-99.499","13.322"
"1308","-103.651","5.505","-99.538","13.327"
"1309","-104.071","5.514","-100.019","13.331"
"1310","-103.887","5.501","-99.330","13.338"
"1311","-103.972","5.544","-99.648","13.340"
"1312","-104.213","5.506","-100.096","13.344"
"1313","-104.431","5.453","-100.157","13.344"
"1314","-104.426","5.415","-100.156","13.347"
"1315","-104.471","5.609","-100.368","13.353"
"1316","-104.587","5.605","-99.752","13.352"
"1317","-104.242","5.594","-100.234","13.346"
"1318","-104.476","5.659","-100.531","13.357"
"1319","-104.955","5.596","-101.029","13.350"
"1320","-105.384","5.583","-101.431","13.332"
"1321","-105.215","5.583","-101.653","13.331"
"1322","-105.162","5.472","-101.265","13.327"
"1323","-105.195","5.337","-101.247","13.316"
"1324","-105.321","5.340","-101.700","13.314"
"1325","-105.222","5.456","-101.741","13.317"
"1326","-104.515","5.576","-100.962","13.313"
"1327","-104.504","5.597","-100.959","13.317"
"1328","-104.389","5.686","-101.069","13.326"
"1329","-104.644","5.663","-100.608","13.315"
"1330","-104.473","5.503","-100.742","13.301"
"1331","-105.299","5.415","-101.665","13.294"
"1332","-105.495","5.415","-101.885","13.293"
"1333","-105.393","5.428","-101.925","13.295"
"1334","-105.364","5.403","-101.853","13.298"
"1335","-105.404","5.481","-101.938","13.284"
"1336","-105.575","5.436","-101.941","13.295"
"1337","-105.721","5.383","-102.194","13.300"
"1338","-105.853","5.334","-102.714","13.302"
"1339","-106.362","5.520","-102.990","13.298"
"1340","-106.603","5.600","-103.286","13.301"
"1341","-106.714","5.634","-103.442","13.306"
"1342","-106.500","5.525","-103.126","13.308"
"1343","-106.224","5.361","-102.898","13.300"
"1344","-105.892","5.260","-102.853","13.297"
"1345","-105.554","5.344","-102.572","13.295"
"1346","-105.509","5.388","-102.604","13.295"
"1347","-105.680","5.382","-102.271","13.287"
"1348","-105.908","5.485","-102.866","13.263"
"1349","-106.276","5.654","-102.881","13.260"
"1350","-106.623","5.737","-103.337","13.260"
"1351","-106.687","5.705","-103.600","13.262"
"1352","-107.119","5.622","-104.093","13.271"
"1353","-107.039","5.458","-103.798","13.265"
"1354","-107.012","5.569","-103.638","13.276"
"1355","-106.852","5.578","-103.362","13.278"
"1356","-106.919","5.528","-103.384","13.276"
"1357","-107.340","5.425","-103.497","13.276"
"1358","-107.316","5.442","-103.883","13.277"
"1359","-107.174","5.349","-104.049","13.270"
"1360","-107.373","5.389","-104.036","13.284"
"1361","-107.175","5.480","-104.387","13.290"
"1362","-107.062","5.485","-104.441","13.280"
"1363","-107.092","5.424","-104.061","13.288"
"1364","-107.004","5.397","-104.321","13.278"
"1365","-107.300","5.402","-104.764","13.281"
"1366","-107.455","5.532","-105.022","13.270"
"1367","-107.715","5.614","-104.738","13.274"
"1368","-107.916","5.738","-104.746","13.265"
"1369","-107.991","5.818","-104.979","13.270"
"1370","-108.134","5.777","-104.955","13.275"
"1371","-108.161","5.741","-105.117","13.269"
"1372","-108.207","5.668","-105.200","13.260"
"1373","-108.376","5.704","-105.273","13.241"
"1374","-108.097","5.677","-105.302","13.217"
"1375","-108.227","5.671","-105.217","13.197"
"1376","-108.098","5.553","-105.163","13.179"
"1377","-108.307","5.482","-105.491","13.171"
"1378","-108.520","5.499","-105.716","13.163"
"1379","-108.397","5.455","-105.567","13.159"
"1380","-108.105","5.342","-105.730","13.163"
"1381","-108.231","5.367","-105.768","13.178"
"1382","-108.352","5.298","-105.725","13.187"
"1383","-108.548","5.321","-106.125","13.189"
"1384","-108.612","5.363","-106.015","13.181"
"1385","-108.537","5.300","-105.975","13.177"
"1386","-108.484","5.181","-105.705","13.182"
"1387","-107.997","5.267","-105.536","13.186"
"1388","-108.037","5.391","-105.679","13.188"
"1389","-108.171","5.381","-105.735","13.186"
"1390","-108.019","5.316","-105.564","13.197"
"1391","-108.188","5.277","-105.599","13.194"
"1392","-108.328","5.087","-105.401","13.202"
"1393","-108.457","4.993","-105.380","13.200"
"1394","-108.633","5.153","-105.586","13.174"
"1395","-108.733","5.239","-105.943","13.147"
"1396","-108.731","5.372","-105.949","13.147"
"1397","-108.581","5.450","-105.612","13.137"
"1398","-108.372","5.223","-105.853","13.137"
"1399","-108.201","5.331","-105.995","13.139"
"1400","-108.258","5.289","-106.436","13.144"
"1401","-108.377","5.147","-106.391","13.143"
"1402","-107.937","5.277","-105.828","13.145"
"1403","-107.865","5.378","-105.555","13.147"
"1404","-107.704","5.439","-105.434","13.149"
"1405","-107.898","5.425","-105.692","13.149"
"1406","-108.206","5.189","-105.422","13.148"
"1407","-108.381","5.020","-105.985","13.161"
"1408","-108.668","5.034","-105.519","13.167"
"1409","-108.663","4.950","-105.701","13.164"
"1410","-108.463","5.086","-105.992","13.175"
"1411","-108.444","5.145","-106.182","13.167"
"1412","-108.426","5.160","-106.142","13.158"
"1413","-108.491","5.135","-106.068","13.154"
"1414","-108.183","5.169","-105.998","13.168"
"1415","-108.132","5.156","-105.966","13.183"
"1416","-108.282","5.083","-106.186","13.185"
"1417","-108.229","5.100","-106.053","13.188"
"1418","-108.281","5.176","-106.257","13.188"
"1419","-108.179","5.172","-106.485","13.184"
"1420","-108.330","5.152","-106.791","13.186"
"1421","-108.314","5.232","-106.904","13.172"
"1422","-108.692","5.266","-106.985","13.153"
"1423","-108.476","5.205","-106.530","13.153"
"1424","-108.310","5.178","-106.605","13.166"
"1425","-108.109","5.149","-106.375","13.160"
"1426","-108.152","4.964","-106.378","13.160"
"1427","-108.145","4.901","-106.164","13.174"
"1428","-108.070","4.849","-106.312","13.178"
"1429","-108.207","4.813","-106.486","13.155"
"1430","-108.140","4.755","-106.363","13.161"
"1431","-108.138","4.725","-106.412","13.159"
"1432","-108.495","4.808","-106.466","13.156"
"1433","-108.763","4.833","-106.388","13.141"
"1434","-108.726","4.771","-106.397","13.137"
"1435","-108.817","4.855","-106.341","13.128"
"1436","-109.051","4.908","-106.526","13.118"
"1437","-109.094","4.990","-106.518","13.105"
"1438","-109.006","5.034","-106.554","13.101"
"1439","-108.684","4.976","-106.307","13.101"
"1440","-108.894","4.883","-106.533","13.099"
"1441","-108.527","4.903","-106.117","13.114"
"1442","-108.087","4.911","-106.268","13.123"
"1443","-108.222","4.848","-106.228","13.128"
"1444","-108.551","4.693","-106.458","13.122"
"1445","-108.710","4.568","-106.871","13.108"
"1446","-108.742","4.512","-106.493","13.115"
"1447","-108.801","4.470","-107.019","13.116"
"1448","-108.853","4.571","-106.971","13.112"
"1449","-108.824","4.700","-107.122","13.097"
"1450","-109.157","4.745","-107.015","13.080"
"1451","-109.136","4.909","-106.619","13.081"
"1452","-108.782","4.733","-106.496","13.085"
"1453","-108.632","4.613","-106.743","13.100"
"1454","-108.576","4.750","-106.976","13.096"
"1455","-108.386","4.874","-106.727","13.103"
"1456","-108.129","4.851","-106.888","13.092"
"1457","-108.143","4.806","-106.881","13.086"
"1458","-108.250","4.871","-107.012","13.086"
"1459","-108.481","4.885","-107.084","13.084"
"1460","-108.658","4.906","-107.101","13.069"
"1461","-108.878","4.947","-106.989","13.054"
"1462","-108.774","4.979","-106.986","13.048"
"1463","-108.686","5.027","-107.099","13.040"
"1464","-108.603","5.085","-106.958","13.047"
"1465","-108.381","5.198","-106.781","13.060"
"1466","-108.504","5.234","-107.119","13.071"
"1467","-108.438","5.149","-106.699","13.078"
"1468","-108.431","5.021","-106.831","13.062"
"1469","-108.437","4.701","-106.392","13.070"
"1470","-108.268","4.630","-106.459","13.070"
"1471","-108.174","4.632","-106.324","13.055"
"1472","-108.192","4.522","-106.375","13.057"
"1473","-108.438","4.516","-106.552","13.050"
"1474","-108.657","4.653","-106.692","13.058"
"1475","-108.691","4.621","-106.970","13.059"
"1476","-108.798","4.668","-107.158","13.077"
"1477","-108.798","4.713","-107.445","13.091"
"1478","-108.688","4.774","-107.506","13.072"
"1479","-108.463","4.877","-107.235","13.078"
"1480","-108.409","4.895","-107.426","13.089"
"1481","-108.252","4.781","-107.107","13.094"
"1482","-108.287","4.790","-107.087","13.097"
"1483","-108.432","4.670","-107.416","13.099"
"1484","-108.440","4.624","-107.564","13.107"
"1485","-108.652","4.496","-107.883","13.104"
"1486","-109.092","4.675","-107.972","13.095"
"1487","-109.315","4.772","-108.056","13.091"
"1488","-109.308","4.846","-107.930","13.077"
"1489","-109.198","4.887","-107.895","13.088"
"1490","-109.139","5.023","-107.762","13.094"
"1491","-109.199","5.003","-107.859","13.094"
"1492","-109.113","4.969","-107.811","13.095"
"1493","-109.100","4.837","-107.760","13.093"
"1494","-108.741","4.839","-107.945","13.101"
"1495","-108.985","4.886","-108.108","13.112"
"1496","-109.272","4.877","-108.082","13.110"
"1497","-109.422","4.779","-108.187","13.089"
"1498","-109.187","4.747","-107.917","13.079"
"1499","-109.069","4.767","-107.815","13.083"
"1500","-109.070","4.716","-107.901","13.085"
"1501","-108.909","4.851","-108.033","13.084"
"1502","-109.035","4.647","-108.148","13.082"
"1503","-109.046","4.599","-108.181","13.076"
"1504","-108.805","4.542","-107.720","13.074"
"1505","-108.765","4.650","-108.165","13.072"
"1506","-108.672","4.518","-108.010","13.069"
"1507","-108.404","4.480","-108.050","13.066"
"1508","-108.402","4.419","-108.243","13.068"
"1509","-108.689","4.367","-108.359","13.066"
"1510","-108.716","4.384","-108.303","13.070"
"1511","-108.700","4.376","-108.507","13.071"
"1512","-108.574","4.287","-108.633","13.077"
"1513","-108.553","4.172","-108.419","13.047"
"1514","-108.821","4.146","-108.754","13.026"
"1515","-109.011","4.127","-108.601","13.024"
"1516","-109.081","4.118","-108.494","13.033"
"1517","-109.026","4.141","-108.605","13.022"
"1518","-109.101","4.169","-108.715","13.020"
"1519","-108.857","4.198","-108.533","13.031"
"1520","-108.810","4.213","-108.587","13.036"
"1521","-108.858","4.264","-108.423","13.046"
"1522","-108.651","4.335","-108.624","13.045"
"1523","-108.569","4.391","-108.389","13.047"
"1524","-108.283","4.553","-108.058","13.054"
"1525","-108.420","4.634","-108.479","13.053"
"1526","-108.349","4.577","-108.418","13.038"
"1527","-108.362","4.557","-108.394","13.023"
"1528","-108.649","4.394","-108.767","13.032"
"1529","-108.472","4.342","-108.743","13.034"
"1530","-108.430","4.365","-108.695","13.026"
"1531","-108.569","4.462","-108.886","13.028"
"1532","-108.620","4.418","-108.787","13.024"
"1533","-108.599","4.572","-108.696","13.007"
"1534","-108.479","4.619","-108.369","12.997"
"1535","-108.463","4.545","-108.527","12.995"
"1536","-108.356","4.585","-108.211","12.995"
"1537","-108.201","4.541","-107.847","12.997"
"1538","-108.166","4.390","-108.622","12.989"
"1539","-108.437","4.329","-108.577","13.004"
"1540","-108.382","4.361","-108.550","13.007"
"1541","-108.259","4.499","-107.876","13.003"
"1542","-108.106","4.570","-108.162","13.003"
"1543","-108.701","4.583","-107.929","13.009"
"1544","-108.533","4.562","-108.139","13.010"
"1545","-108.284","4.794","-108.177","13.014"
"1546","-108.180","4.931","-107.834","13.017"
"1547","-108.155","4.971","-108.027","13.023"
"1548","-108.062","4.843","-108.113","13.027"
"1549","-108.325","4.830","-108.832","13.041"
"1550","-108.462","4.810","-108.527","13.041"
"1551","-108.602","4.768","-108.746","13.037"
"1552","-108.741","4.803","-108.709","13.018"
"1553","-108.331","4.827","-108.396","13.018"
"1554","-108.241","4.871","-108.624","13.010"
"1555","-108.372","4.846","-108.656","13.008"
"1556","-108.565","4.790","-108.815","12.988"
"1557","-108.721","4.723","-108.684","12.965"
"1558","-108.604","4.582","-108.416","12.963"
"1559","-108.506","4.442","-107.745","12.960"
"1560","-107.908","4.406","-107.059","12.941"
"1561","-107.501","4.461","-107.005","12.945"
"1562","-107.413","4.356","-107.276","12.935"
"1563","-107.180","4.466","-106.808","12.944"
"1564","-106.923","4.597","-106.829","12.956"
"1565","-106.559","4.572","-106.334","12.966"
"1566","-106.422","4.521","-106.288","12.961"
"1567","-106.340","4.499","-106.423","12.970"
"1568","-106.110","4.329","-106.263","12.977"
"1569","-106.057","4.272","-105.794","12.980"
"1570","-106.143","4.354","-106.454","12.978"
"1571","-106.124","4.340","-105.661","12.995"
"1572","-105.567","4.351","-105.112","12.996"
"1573","-105.401","4.361","-105.409","13.011"
"1574","-105.275","4.330","-105.088","13.015"
"1575","-105.359","4.250","-105.144","12.996"
"1576","-105.298","4.253","-104.638","12.971"
"1577","-105.169","4.326","-104.797","12.966"
"1578","-105.111","4.375","-104.583","12.961"
"1579","-104.873","4.392","-104.179","12.950"
"1580","-104.608","4.290","-104.846","12.950"
"1581","-104.125","4.182","-103.807","12.946"
"1582","-103.944","4.164","-103.901","12.949"
"1583","-104.056","4.297","-103.823","12.960"
"1584","-104.201","4.461","-103.617","12.964"
"1585","-104.177","4.596","-103.674","12.960"
"1586","-104.173","4.564","-103.564","12.964"
"1587","-104.181","4.457","-104.042","12.959"
"1588","-103.803","4.298","-103.356","12.963"
"1589","-103.611","4.205","-103.487","12.976"
"1590","-103.826","4.384","-103.102","12.983"
"1591","-103.585","4.469","-102.759","12.988"
"1592","-103.397","4.589","-103.226","12.996"
"1593","-103.336","4.407","-103.170","12.977"
"1594","-103.406","4.341","-103.028","12.980"
"1595","-103.315","4.285","-103.114","12.988"
"1596","-102.993","4.274","-102.862","12.999"
"1597","-103.316","4.199","-103.163","13.002"
"1598","-103.490","4.126","-103.088","12.994"
"1599","-103.590","4.153","-102.933","12.994"
"1600","-103.237","4.286","-102.366","12.994"
"1601","-102.915","4.349","-101.813","12.999"
"1602","-102.864","4.305","-101.744","13.009"
"1603","-102.641","4.360","-101.744","13.014"
"1604","-102.151","4.318","-101.567","12.982"
"1605","-102.093","4.407","-101.538","12.973"
"1606","-102.051","4.355","-101.405","12.974"
"1607","-102.008","4.441","-101.869","12.972"
"1608","-101.665","4.433","-101.210","12.959"
"1609","-101.942","4.505","-101.339","12.932"
"1610","-102.242","4.581","-101.422","12.929"
"1611","-101.907","4.619","-101.414","12.930"
"1612","-101.939","4.600","-101.328","12.936"
"1613","-101.768","4.488","-101.348","12.945"
"1614","-101.492","4.560","-100.715","12.945"
"1615","-101.410","4.602","-101.177","12.943"
"1616","-101.622","4.653","-101.040","12.950"
"1617","-101.555","4.706","-100.403","12.952"
"1618","-101.507","4.708","-100.362","12.937"
"1619","-101.271","4.548","-100.024","12.923"
"1620","-101.239","4.538","-99.898","12.925"
"1621","-100.928","4.654","-99.981","12.934"
"1622","-100.645","4.650","-99.906","12.934"
"1623","-100.500","4.673","-99.531","12.925"
"1624","-100.382","4.535","-99.519","12.904"
"1625","-100.517","4.556","-99.863","12.898"
"1626","-100.485","4.585","-99.674","12.900"
"1627","-100.308","4.638","-99.255","12.892"
"1628","-99.931","4.689","-99.186","12.892"
"1629","-99.790","4.723","-99.319","12.883"
"1630","-99.746","4.784","-99.052","12.847"
"1631","-99.746","4.794","-99.243","12.843"
"1632","-99.374","4.723","-98.485","12.856"
"1633","-99.056","4.805","-98.424","12.860"
"1634","-99.146","4.932","-98.514","12.861"
"1635","-99.357","5.097","-98.191","12.876"
"1636","-99.381","5.137","-98.068","12.881"
"1637","-99.239","5.135","-97.767","12.878"
"1638","-99.031","5.183","-97.695","12.848"
"1639","-99.206","5.091","-97.727","12.851"
"1640","-99.214","4.887","-98.104","12.862"
"1641","-98.919","4.818","-97.915","12.877"
"1642","-98.942","4.805","-97.722","12.897"
"1643","-99.146","4.814","-98.020","12.903"
"1644","-99.197","4.782","-97.545","12.889"
"1645","-98.951","4.705","-97.759","12.902"
"1646","-98.538","4.629","-97.212","12.908"
"1647","-98.327","4.605","-97.068","12.909"
"1648","-98.222","4.502","-97.035","12.909"
"1649","-97.979","4.622","-97.002","12.905"
"1650","-97.807","4.871","-97.098","12.880"
"1651","-97.681","4.843","-96.628","12.864"
"1652","-97.504","4.772","-96.561","12.854"
"1653","-97.705","4.797","-96.474","12.852"
"1654","-97.918","4.705","-96.297","12.846"
"1655","-97.504","4.663","-95.665","12.820"
"1656","-97.387","4.686","-95.491","12.814"
"1657","-97.256","4.668","-95.504","12.833"
"1658","-97.385","4.708","-95.851","12.848"
"1659","-97.328","4.700","-96.075","12.840"
"1660","-97.108","4.750","-95.872","12.830"
"1661","-96.915","4.841","-95.726","12.828"
"1662","-97.072","4.864","-96.155","12.837"
"1663","-97.283","4.844","-96.715","12.839"
"1664","-97.155","4.753","-96.454","12.846"
"1665","-97.207","4.690","-96.747","12.835"
"1666","-97.122","4.735","-96.549","12.833"
"1667","-96.999","4.828","-96.241","12.844"
"1668","-96.411","4.916","-96.113","12.842"
"1669","-96.727","4.874","-96.146","12.846"
"1670","-96.511","4.796","-95.792","12.849"
"1671","-96.566","4.742","-95.946","12.851"
"1672","-96.802","4.883","-95.960","12.841"
"1673","-96.821","4.907","-95.726","12.845"
"1674","-96.499","4.976","-95.212","12.837"
"1675","-96.029","4.884","-94.984","12.820"
"1676","-95.865","4.913","-95.326","12.813"
"1677","-95.917","4.987","-95.025","12.792"
"1678","-96.027","5.019","-95.290","12.788"
"1679","-95.930","4.964","-95.262","12.779"
"1680","-96.189","5.025","-95.270","12.779"
"1681","-96.246","5.044","-95.247","12.784"
"1682","-96.694","5.112","-95.645","12.782"
"1683","-96.491","5.158","-95.553","12.786"
"1684","-96.299","5.260","-95.181","12.802"
"1685","-96.504","5.214","-95.356","12.806"
"1686","-96.605","5.062","-95.813","12.809"
"1687","-96.440","4.970","-95.775","12.781"
"1688","-95.865","4.848","-95.033","12.761"
"1689","-95.583","4.711","-95.061","12.768"
"1690","-95.596","4.619","-94.758","12.783"
"1691","-95.508","4.655","-94.583","12.799"
"1692","-95.295","4.623","-93.992","12.815"
"1693","-95.367","4.674","-94.190","12.798"
"1694","-95.491","4.769","-94.384","12.797"
"1695","-95.427","4.799","-94.251","12.788"
"1696","-95.343","4.839","-94.238","12.787"
"1697","-95.412","4.904","-94.310","12.776"
"1698","-95.214","4.857","-94.186","12.767"
"1699","-95.407","4.957","-94.353","12.782"
"1700","-95.243","5.175","-94.372","12.772"
"1701","-95.390","5.205","-94.275","12.764"
"1702","-95.241","5.326","-93.977","12.761"
"1703","-95.313","5.418","-94.676","12.757"
"1704","-95.411","5.520","-94.743","12.755"
"1705","-95.328","5.490","-94.889","12.732"
"1706","-95.146","5.378","-94.750","12.729"
"1707","-94.879","5.467","-94.409","12.738"
"1708","-94.761","5.555","-94.286","12.749"
"1709","-94.445","5.471","-94.034","12.756"
"1710","-94.179","5.659","-93.778","12.758"
"1711","-94.420","5.582","-93.865","12.750"
"1712","-94.590","5.529","-93.896","12.748"
"1713","-94.721","5.489","-93.837","12.763"
"1714","-94.639","5.481","-93.516","12.772"
"1715","-94.431","5.430","-93.573","12.780"
"1716","-94.195","5.329","-93.265","12.785"
"1717","-94.383","5.403","-93.519","12.791"
"1718","-94.218","5.481","-93.466","12.785"
"1719","-94.244","5.313","-93.628","12.783"
"1720","-94.331","5.237","-93.509","12.792"
"1721","-94.422","5.307","-93.615","12.785"
"1722","-94.257","5.332","-93.376","12.781"
"1723","-94.358","5.246","-93.494","12.784"
"1724","-94.098","5.202","-93.204","12.792"
"1725","-94.019","5.175","-93.343","12.805"
"1726","-94.234","5.215","-93.728","12.794"
"1727","-94.363","5.225","-93.528","12.792"
"1728","-94.368","5.326","-93.310","12.795"
"1729","-94.163","5.434","-92.812","12.797"
"1730","-94.114","5.307","-93.104","12.786"
"1731","-93.937","5.190","-93.189","12.797"
"1732","-93.562","5.266","-93.028","12.800"
"1733","-93.293","5.247","-93.046","12.795"
"1734","-93.275","5.281","-93.098","12.785"
"1735","-93.383","5.353","-92.936","12.761"
"1736","-93.365","5.490","-92.849","12.742"
"1737","-93.460","5.387","-92.882","12.740"
"1738","-93.389","5.366","-92.965","12.729"
"1739","-93.086","5.271","-92.811","12.708"
"1740","-93.209","5.250","-92.981","12.706"
"1741","-93.376","5.440","-93.140","12.711"
"1742","-93.394","5.482","-92.996","12.730"
"1743","-93.592","5.476","-93.202","12.738"
"1744","-93.723","5.368","-93.168","12.745"
"1745","-93.903","5.322","-92.940","12.745"
"1746","-93.479","5.350","-92.657","12.745"
"1747","-93.364","5.417","-92.619","12.739"
"1748","-93.423","5.501","-92.629","12.737"
"1749","-93.646","5.493","-93.174","12.739"
"1750","-93.690","5.207","-93.269","12.745"
"1751","-93.547","5.070","-93.007","12.750"
"1752","-93.350","5.054","-92.671","12.750"
"1753","-93.303","4.909","-92.484","12.736"
"1754","-93.283","4.925","-92.730","12.744"
"1755","-93.439","4.980","-92.581","12.748"
"1756","-93.296","4.963","-92.735","12.751"
"1757","-93.450","4.965","-92.723","12.757"
"1758","-92.936","5.012","-92.199","12.764"
"1759","-92.805","4.993","-92.127","12.770"
"1760","-93.191","4.962","-92.256","12.783"
"1761","-92.821","5.040","-91.917","12.794"
"1762","-92.664","5.122","-92.084","12.799"
"1763","-92.849","5.061","-92.356","12.798"
"1764","-92.890","5.107","-92.127","12.794"
"1765","-92.698","5.092","-91.899","12.800"
"1766","-92.559","5.029","-91.901","12.807"
"1767","-92.529","5.006","-91.660","12.809"
"1768","-92.624","5.120","-91.930","12.805"
"1769","-93.726","5.118","-92.190","12.805"
"1770","-93.276","5.059","-92.367","12.782"
"1771","-93.161","4.979","-92.434","12.767"
"1772","-92.907","4.939","-92.241","12.760"
"1773","-92.499","5.062","-91.957","12.765"
"1774","-92.424","4.994","-91.753","12.765"
"1775","-92.206","5.066","-91.679","12.759"
"1776","-92.231","5.005","-91.702","12.729"
"1777","-92.339","5.001","-91.795","12.716"
"1778","-92.301","5.003","-91.923","12.724"
"1779","-92.288","4.984","-91.782","12.731"
"1780","-92.088","4.961","-91.823","12.722"
"1781","-92.049","4.998","-91.774","12.703"
"1782","-91.923","5.032","-91.658","12.692"
"1783","-91.792","5.024","-91.643","12.702"
"1784","-91.830","5.103","-91.653","12.715"
"1785","-91.766","5.163","-91.188","12.724"
"1786","-91.646","5.289","-91.248","12.722"
"1787","-91.667","5.287","-91.333","12.736"
"1788","-91.598","5.231","-91.261","12.738"
"1789","-91.598","5.210","-91.264","12.742"
"1790","-91.554","5.216","-91.292","12.742"
"1791","-91.441","5.264","-91.133","12.749"
"1792","-91.554","5.246","-91.320","12.744"
"1793","-91.670","5.214","-91.328","12.742"
"1794","-91.683","5.107","-91.334","12.743"
"1795","-91.434","5.126","-90.984","12.756"
"1796","-91.071","5.242","-90.809","12.758"
"1797","-90.905","5.265","-90.676","12.756"
"1798","-90.868","5.179","-90.501","12.749"
"1799","-90.917","5.168","-90.362","12.753"
"1800","-90.933","5.093","-90.627","12.749"
"1801","-90.741","5.078","-90.630","12.748"
"1802","-90.638","5.053","-90.518","12.741"
"1803","-90.571","5.142","-90.666","12.728"
"1804","-90.608","5.241","-90.548","12.716"
"1805","-90.695","5.215","-90.448","12.702"
"1806","-90.672","5.243","-90.492","12.701"
"1807","-90.731","5.100","-90.628","12.696"
"1808","-90.505","5.230","-90.448","12.679"
"1809","-90.320","5.152","-90.340","12.659"
"1810","-90.777","5.038","-90.093","12.640"
"1811","-90.600","4.988","-90.053","12.601"
"1812","-90.693","5.081","-90.500","12.582"
"1813","-90.588","5.045","-90.341","12.578"
"1814","-90.398","5.146","-90.225","12.583"
"1815","-90.364","5.378","-90.071","12.597"
"1816","-90.236","5.460","-90.033","12.584"
"1817","-90.100","5.346","-89.826","12.589"
"1818","-90.231","5.378","-89.988","12.606"
"1819","-90.254","5.399","-90.077","12.607"
"1820","-90.023","5.578","-89.802","12.609"
"1821","-90.023","5.643","-89.851","12.617"
"1822","-90.044","5.662","-89.891","12.620"
"1823","-90.093","5.570","-89.787","12.605"
"1824","-89.978","5.494","-89.896","12.628"
"1825","-89.973","5.480","-89.830","12.629"
"1826","-90.034","5.421","-89.820","12.633"
"1827","-89.994","5.547","-89.847","12.624"
"1828","-89.941","5.665","-89.842","12.601"
"1829","-89.805","5.800","-89.679","12.591"
"1830","-89.677","5.659","-89.575","12.603"
"1831","-90.071","5.611","-89.712","12.608"
"1832","-89.992","5.702","-89.561","12.610"
"1833","-89.959","5.645","-89.623","12.595"
"1834","-90.893","5.489","-89.596","12.604"
"1835","-93.134","5.443","-89.608","12.615"
"1836","-94.323","5.388","-89.368","12.615"
"1837","-94.804","5.361","-89.348","12.600"
"1838","-95.048","5.355","-89.373","12.604"
"1839","-95.092","5.351","-89.534","12.602"
"1840","-95.259","5.267","-89.594","12.613"
"1841","-95.202","5.332","-89.633","12.606"
"1842","-95.028","5.302","-89.388","12.604"
"1843","-95.154","5.252","-89.304","12.596"
"1844","-94.830","5.269","-89.084","12.583"
"1845","-94.832","5.222","-89.151","12.572"
"1846","-94.868","5.317","-89.301","12.583"
"1847","-94.770","5.361","-89.123","12.593"
"1848","-94.745","5.485","-89.193","12.580"
"1849","-94.697","5.521","-89.062","12.585"
"1850","-94.545","5.532","-89.218","12.577"
"1851","-94.229","5.534","-89.184","12.553"
"1852","-93.623","5.427","-89.134","12.558"
"1853","-96.627","5.333","-89.008","12.564"
"1854","-97.388","5.283","-88.924","12.573"
"1855","-97.128","5.287","-88.890","12.562"
"1856","-98.906","5.348","-88.964","12.577"
"1857","-98.667","5.396","-88.986","12.590"
"1858","-98.461","5.425","-88.974","12.586"
"1859","-98.582","5.434","-89.036","12.591"
"1860","-98.498","5.474","-88.925","12.602"
"1861","-98.457","5.567","-88.962","12.613"
"1862","-98.413","5.618","-88.898","12.623"
"1863","-98.521","5.765","-88.900","12.630"
"1864","-98.577","5.729","-88.650","12.629"
"1865","-98.791","5.816","-88.571","12.632"
"1866","-98.750","5.870","-88.544","12.624"
"1867","-99.469","5.978","-88.400","12.619"
"1868","-99.683","5.951","-88.334","12.622"
"1869","-98.987","5.883","-88.440","12.613"
"1870","-98.604","5.890","-88.492","12.622"
"1871","-97.982","5.929","-88.371","12.622"
"1872","-98.753","5.755","-88.383","12.594"
"1873","-98.725","5.624","-88.401","12.581"
"1874","-98.363","5.585","-88.369","12.598"
"1875","-98.661","5.570","-88.069","12.613"
"1876","-98.155","5.570","-87.956","12.630"
"1877","-97.944","5.597","-87.975","12.637"
"1878","-98.525","5.610","-87.899","12.616"
"1879","-98.879","5.644","-87.733","12.596"
"1880","-98.792","5.555","-87.770","12.579"
"1881","-98.420","5.575","-87.674","12.554"
"1882","-98.217","5.627","-87.419","12.545"
"1883","-98.710","5.768","-87.364","12.543"
"1884","-100.825","5.756","-87.399","12.526"
"1885","-99.951","5.848","-87.434","12.521"
"1886","-100.000","5.861","-87.330","12.526"
"1887","-100.017","5.763","-87.402","12.531"
"1888","-99.309","5.733","-87.506","12.533"
"1889","-100.799","5.813","-87.419","12.550"
"1890","-100.559","5.761","-87.470","12.554"
"1891","-100.460","5.641","-87.480","12.559"
"1892","-100.594","5.620","-87.259","12.576"
"1893","-100.652","5.731","-87.346","12.582"
"1894","-100.489","5.731","-87.271","12.555"
"1895","-100.526","5.693","-86.977","12.539"
"1896","-100.958","5.687","-86.910","12.548"
"1897","-100.786","5.670","-87.182","12.546"
"1898","-100.714","5.677","-86.866","12.563"
"1899","-100.613","5.782","-86.869","12.574"
"1900","-100.535","5.854","-86.728","12.585"
"1901","-100.340","5.896","-86.856","12.568"
"1902","-100.102","5.876","-86.978","12.569"
"1903","-100.152","5.857","-86.842","12.560"
"1904","-100.137","5.903","-86.641","12.572"
"1905","-100.198","5.968","-86.458","12.590"
"1906","-100.102","5.938","-86.297","12.607"
"1907","-100.111","5.959","-86.347","12.614"
"1908","-99.859","5.926","-86.394","12.612"
"1909","-99.954","5.863","-86.402","12.597"
"1910","-99.492","5.939","-86.184","12.606"
"1911","-99.666","5.977","-86.075","12.614"
"1912","-99.189","5.961","-86.031","12.597"
"1913","-99.585","5.923","-85.893","12.593"
"1914","-99.480","5.898","-85.980","12.611"
"1915","-99.282","5.934","-85.943","12.611"
"1916","-99.056","5.936","-85.881","12.598"
"1917","-99.439","5.928","-86.005","12.590"
"1918","-99.547","5.829","-85.792","12.592"
"1919","-99.255","5.753","-85.523","12.579"
"1920","-99.512","5.684","-85.315","12.584"
"1921","-99.198","5.596","-85.409","12.597"
"1922","-99.288","5.499","-85.414","12.588"
"1923","-99.060","5.541","-85.501","12.591"
"1924","-99.099","5.503","-85.474","12.606"
"1925","-98.557","5.514","-85.266","12.608"
"1926","-99.212","5.546","-85.185","12.599"
"1927","-98.816","5.582","-85.370","12.602"
"1928","-98.847","5.529","-85.227","12.612"
"1929","-98.573","5.437","-85.153","12.593"
"1930","-98.804","5.441","-85.220","12.576"
"1931","-99.064","5.442","-85.287","12.562"
"1932","-99.542","5.583","-85.168","12.551"
"1933","-99.074","5.631","-85.305","12.544"
"1934","-98.874","5.619","-85.371","12.555"
"1935","-98.710","5.621","-85.273","12.564"
"1936","-98.828","5.684","-85.169","12.554"
"1937","-99.096","5.705","-85.172","12.543"
"1938","-98.754","5.727","-85.147","12.532"
"1939","-98.994","5.699","-85.194","12.541"
"1940","-98.572","5.657","-85.004","12.548"
"1941","-98.989","5.645","-85.019","12.543"
"1942","-98.773","5.718","-84.846","12.537"
"1943","-98.477","5.597","-84.752","12.548"
"1944","-98.786","5.553","-85.081","12.559"
"1945","-98.753","5.654","-85.059","12.553"
"1946","-98.604","5.816","-84.928","12.553"
"1947","-98.871","5.778","-84.757","12.546"
"1948","-98.406","5.734","-84.730","12.516"
"1949","-98.463","5.744","-84.727","12.512"
"1950","-98.396","5.658","-84.681","12.510"
"1951","-98.710","5.610","-84.631","12.512"
"1952","-98.728","5.560","-84.664","12.508"
"1953","-98.737","5.512","-84.534","12.509"
"1954","-98.585","5.584","-84.558","12.529"
"1955","-98.636","5.619","-84.561","12.530"
"1956","-98.634","5.611","-84.593","12.520"
"1957","-98.585","5.651","-84.684","12.515"
"1958","-98.395","5.601","-84.823","12.535"
"1959","-98.303","5.597","-84.930","12.538"
"1960","-98.396","5.521","-85.064","12.533"
"1961","-98.316","5.428","-85.198","12.520"
"1962","-98.527","5.580","-85.240","12.514"
"1963","-98.458","5.641","-85.505","12.531"
"1964","-98.599","5.509","-85.416","12.543"
"1965","-98.492","5.524","-85.550","12.558"
"1966","-98.523","5.521","-85.536","12.563"
"1967","-98.457","5.601","-85.650","12.571"
"1968","-98.462","5.561","-85.739","12.555"
"1969","-98.498","5.536","-85.868","12.540"
"1970","-98.408","5.532","-85.787","12.537"
"1971","-98.557","5.584","-85.693","12.546"
"1972","-98.524","5.631","-85.856","12.557"
"1973","-98.439","5.563","-85.836","12.561"
"1974","-98.484","5.580","-85.894","12.570"
"1975","-98.548","5.680","-85.953","12.579"
"1976","-98.559","5.670","-85.791","12.590"
"1977","-98.548","5.650","-85.776","12.579"
"1978","-98.556","5.628","-85.647","12.565"
"1979","-98.580","5.600","-85.647","12.556"
"1980","-98.565","5.539","-85.331","12.561"
"1981","-98.562","5.576","-85.316","12.556"
"1982","-98.611","5.721","-85.564","12.548"
"1983","-98.583","5.759","-85.675","12.548"
"1984","-98.593","5.835","-85.566","12.557"
"1985","-98.689","5.805","-85.609","12.561"
"1986","-98.663","5.732","-85.631","12.566"
"1987","-98.681","5.717","-85.698","12.566"
"1988","-98.686","5.585","-85.946","12.581"
"1989","-98.699","5.480","-85.899","12.572"
"1990","-98.758","5.543","-85.901","12.562"
"1991","-98.774","5.589","-85.951","12.571"
"1992","-98.757","5.646","-86.078","12.584"
"1993","-98.829","5.647","-85.850","12.573"
"1994","-98.927","5.637","-86.004","12.569"
"1995","-98.950","5.595","-86.145","12.555"
"1996","-98.917","5.531","-86.158","12.550"
"1997","-98.992","5.513","-86.183","12.563"
"1998","-98.951","5.658","-86.040","12.573"
"1999","-99.041","5.640","-86.092","12.581"
"2000","-99.082","5.772","-86.188","12.570"
"2001","-99.128","5.808","-86.245","12.540"
"2002","-99.098","5.730","-86.146","12.529"
"2003","-99.255","5.694","-86.179","12.530"
"2004","-99.281","5.815","-86.145","12.539"
"2005","-99.250","5.874","-86.172","12.528"
"2006","-99.253","5.897","-86.137","12.528"
"2007","-99.381","5.885","-86.254","12.541"
"2008","-99.479","5.735","-86.251","12.531"
"2009","-99.492","5.746","-86.229","12.509"
"2010","-99.569","5.681","-86.296","12.511"
"2011","-99.621","5.752","-86.314","12.514"
"2012","-99.745","5.807","-86.356","12.497"
"2013","-99.709","5.789","-86.495","12.475"
"2014","-99.797","5.736","-86.384","12.471"
"2015","-99.892","5.806","-86.439","12.472"
"2016","-99.936","5.802","-86.595","12.468"
"2017","-99.936","5.704","-86.776","12.459"
"2018","-99.939","5.622","-86.764","12.474"
"2019","-99.991","5.628","-86.580","12.494"
"2020","-100.089","5.546","-86.583","12.500"
"2021","-100.221","5.519","-86.623","12.514"
"2022","-100.250","5.496","-86.578","12.501"
"2023","-100.347","5.407","-86.705","12.473"
"2024","-100.379","5.302","-86.722","12.443"
"2025","-100.444","5.465","-86.829","12.454"
"2026","-100.650","5.555","-86.698","12.477"
"2027","-100.728","5.549","-86.777","12.486"
"2028","-100.814","5.591","-86.844","12.499"
"2029","-100.865","5.518","-86.924","12.502"
"2030","-100.954","5.467","-87.122","12.489"
"2031","-101.037","5.398","-87.132","12.493"
"2032","-101.040","5.442","-87.226","12.493"
"2033","-101.147","5.447","-87.253","12.493"
"2034","-101.158","5.451","-87.216","12.498"
"2035","-101.407","5.567","-87.125","12.500"
"2036","-101.384","5.594","-87.222","12.503"
"2037","-101.462","5.494","-87.269","12.494"
"2038","-101.524","5.529","-87.403","12.492"
"2039","-101.706","5.550","-87.413","12.503"
"2040","-101.724","5.479","-87.663","12.511"
"2041","-101.603","5.397","-87.581","12.507"
"2042","-101.875","5.553","-87.668","12.496"
"2043","-102.173","5.534","-87.839","12.493"
"2044","-102.178","5.412","-87.753","12.488"
"2045","-102.237","5.391","-87.933","12.497"
"2046","-102.358","5.377","-88.020","12.504"
"2047","-102.489","5.435","-87.943","12.514"
"2048","-102.249","5.453","-88.003","12.517"
"2049","-102.474","5.434","-88.102","12.530"
"2050","-102.747","5.407","-88.051","12.524"
"2051","-102.868","5.344","-87.815","12.509"
"2052","-102.729","5.365","-88.023","12.517"
"2053","-102.868","5.396","-88.137","12.507"
"2054","-102.729","5.394","-88.313","12.490"
"2055","-102.938","5.436","-88.338","12.488"
"2056","-103.228","5.361","-88.255","12.503"
"2057","-103.370","5.300","-88.361","12.501"
"2058","-103.405","5.347","-88.557","12.510"
"2059","-103.475","5.435","-88.465","12.495"
"2060","-103.363","5.294","-88.651","12.465"
"2061","-103.339","5.212","-88.589","12.452"
"2062","-103.741","5.194","-88.495","12.456"
"2063","-104.001","5.185","-88.644","12.467"
"2064","-103.993","5.217","-88.765","12.482"
"2065","-104.103","5.198","-88.793","12.491"
"2066","-103.964","5.147","-88.736","12.493"
"2067","-103.913","5.148","-88.674","12.502"
"2068","-104.173","5.194","-88.919","12.513"
"2069","-104.286","5.162","-88.984","12.524"
"2070","-104.511","5.100","-88.952","12.520"
"2071","-104.428","5.081","-89.006","12.494"
"2072","-104.737","4.932","-89.217","12.483"
"2073","-105.241","4.909","-89.316","12.490"
"2074","-105.123","4.803","-89.435","12.494"
"2075","-105.179","4.852","-89.341","12.480"
"2076","-104.976","4.852","-89.455","12.477"
"2077","-104.890","4.835","-89.294","12.480"
"2078","-104.756","4.941","-89.574","12.488"
"2079","-105.230","4.962","-89.730","12.475"
"2080","-105.662","4.842","-89.797","12.482"
"2081","-105.705","4.734","-89.683","12.499"
"2082","-105.979","4.756","-89.654","12.508"
"2083","-105.915","4.686","-89.661","12.515"
"2084","-106.145","4.728","-89.703","12.510"
"2085","-106.392","4.914","-89.731","12.499"
"2086","-106.569","4.924","-89.778","12.495"
"2087","-106.591","4.996","-89.937","12.502"
"2088","-106.663","4.988","-90.160","12.502"
"2089","-106.759","5.040","-90.183","12.504"
"2090","-106.751","5.026","-90.332","12.508"
"2091","-106.829","4.998","-90.350","12.493"
"2092","-106.789","4.897","-90.206","12.478"
"2093","-106.668","4.790","-90.214","12.470"
"2094","-107.151","4.902","-90.427","12.483"
"2095","-107.638","4.983","-90.569","12.465"
"2096","-107.663","5.043","-90.795","12.463"
"2097","-107.981","5.124","-90.725","12.467"
"2098","-107.952","5.083","-90.828","12.487"
"2099","-108.006","5.010","-90.927","12.483"
"2100","-108.023","4.965","-91.058","12.477"
"2101","-108.216","4.985","-91.071","12.471"
"2102","-108.462","5.064","-91.168","12.468"
"2103","-108.602","4.984","-91.343","12.486"
"2104","-108.696","4.953","-91.402","12.490"
"2105","-108.822","4.873","-91.626","12.492"
"2106","-108.854","4.901","-91.719","12.480"
"2107","-109.264","4.839","-91.914","12.480"
"2108","-109.336","4.755","-91.708","12.475"
"2109","-109.484","4.669","-91.778","12.471"
"2110","-109.583","4.532","-91.780","12.475"
"2111","-109.537","4.597","-91.783","12.480"
"2112","-109.620","4.757","-91.909","12.473"
"2113","-109.958","4.831","-92.199","12.490"
"2114","-109.962","4.779","-92.286","12.490"
"2115","-110.242","4.734","-92.320","12.484"
"2116","-110.248","4.793","-92.395","12.484"
"2117","-109.843","4.787","-92.472","12.488"
"2118","-110.239","4.897","-92.511","12.485"
"2119","-111.016","4.886","-92.588","12.463"
"2120","-110.761","4.790","-92.688","12.454"
"2121","-110.031","4.912","-92.580","12.457"
"2122","-110.447","4.842","-92.570","12.459"
"2123","-111.439","4.752","-92.655","12.463"
"2124","-111.798","4.649","-92.994","12.448"
"2125","-110.901","4.554","-93.256","12.461"
"2126","-111.573","4.590","-93.171","12.468"
"2127","-112.092","4.559","-93.097","12.474"
"2128","-112.571","4.451","-93.192","12.478"
"2129","-112.616","4.548","-93.356","12.485"
"2130","-112.630","4.544","-93.482","12.479"
"2131","-112.218","4.538","-93.433","12.479"
"2132","-112.299","4.499","-93.593","12.487"
"2133","-112.327","4.546","-93.708","12.485"
"2134","-111.792","4.504","-94.011","12.495"
"2135","-112.652","4.543","-94.001","12.491"
"2136","-113.806","4.506","-93.937","12.489"
"2137","-112.927","4.319","-93.983","12.483"
"2138","-111.989","4.323","-94.077","12.481"
"2139","-113.608","4.494","-94.046","12.488"
"2140","-113.975","4.626","-94.320","12.481"
"2141","-113.331","4.668","-94.349","12.487"
"2142","-113.642","4.616","-94.387","12.501"
"2143","-114.143","4.546","-94.398","12.496"
"2144","-113.815","4.491","-94.503","12.498"
"2145","-114.644","4.462","-94.886","12.494"
"2146","-113.846","4.357","-95.207","12.487"
"2147","-113.896","4.268","-95.273","12.481"
"2148","-115.736","4.283","-95.366","12.476"
"2149","-114.977","4.184","-95.404","12.483"
"2150","-115.125","4.011","-95.504","12.485"
"2151","-116.369","4.079","-95.908","12.502"
"2152","-116.572","4.124","-95.909","12.505"
"2153","-116.370","4.236","-95.773","12.505"
"2154","-116.062","4.328","-95.775","12.510"
"2155","-115.920","4.429","-95.896","12.495"
"2156","-116.485","4.412","-96.086","12.462"
"2157","-116.188","4.416","-96.284","12.454"
"2158","-115.981","4.370","-96.410","12.458"
"2159","-117.418","4.425","-96.361","12.464"
"2160","-115.839","4.312","-96.832","12.452"
"2161","-116.615","4.219","-97.019","12.461"
"2162","-118.133","4.129","-97.058","12.472"
"2163","-117.136","4.129","-97.102","12.476"
"2164","-116.551","4.207","-97.038","12.481"
"2165","-117.789","4.153","-96.899","12.483"
"2166","-118.795","4.041","-96.745","12.479"
"2167","-117.761","3.915","-96.884","12.463"
"2168","-118.921","3.879","-97.000","12.449"
"2169","-117.688","3.892","-96.969","12.423"
"2170","-117.871","3.934","-97.249","12.420"
"2171","-119.414","3.993","-97.282","12.429"
"2172","-119.395","4.008","-97.398","12.440"
"2173","-119.459","4.159","-97.375","12.447"
"2174","-119.513","4.031","-97.352","12.445"
"2175","-118.709","3.877","-97.432","12.427"
"2176","-118.894","3.957","-97.386","12.425"
"2177","-119.984","4.038","-97.519","12.432"
"2178","-120.179","4.130","-97.628","12.443"
"2179","-120.207","4.160","-97.787","12.441"
"2180","-120.141","4.160","-97.620","12.445"
"2181","-120.731","4.172","-97.676","12.426"
"2182","-120.505","4.189","-97.630","12.411"
"2183","-119.761","4.072","-97.826","12.409"
"2184","-120.658","4.001","-98.091","12.403"
"2185","-120.206","3.956","-98.284","12.409"
"2186","-119.774","3.837","-98.353","12.416"
"2187","-120.964","3.713","-98.379","12.422"
"2188","-121.169","3.633","-98.623","12.427"
"2189","-120.709","3.605","-98.556","12.429"
"2190","-121.598","3.717","-98.742","12.408"
"2191","-121.736","3.818","-98.667","12.384"
"2192","-121.650","3.919","-98.767","12.386"
"2193","-120.862","4.090","-99.012","12.380"
"2194","-121.499","4.065","-98.917","12.380"
"2195","-122.379","4.031","-98.948","12.376"
"2196","-121.145","4.152","-99.008","12.359"
"2197","-122.116","4.160","-99.167","12.372"
"2198","-122.271","4.126","-99.331","12.379"
"2199","-122.344","4.200","-99.331","12.370"
"2200","-122.600","4.362","-99.295","12.323"
"2201","-122.647","4.486","-99.336","12.306"
"2202","-122.738","4.547","-99.414","12.288"
"2203","-122.797","4.449","-99.450","12.295"
"2204","-123.061","4.354","-99.427","12.308"
"2205","-122.475","4.352","-99.520","12.304"
"2206","-123.182","4.294","-99.415","12.289"
"2207","-123.136","4.027","-99.426","12.292"
"2208","-123.018","4.024","-99.528","12.283"
"2209","-122.977","4.033","-99.469","12.276"
"2210","-123.024","4.193","-99.469","12.268"
"2211","-123.103","4.290","-99.662","12.279"
"2212","-123.115","4.231","-99.618","12.292"
"2213","-123.177","4.160","-99.634","12.303"
"2214","-123.125","4.240","-99.817","12.303"
"2215","-123.237","4.333","-99.925","12.301"
"2216","-123.389","4.299","-99.884","12.312"
"2217","-123.522","4.390","-99.746","12.317"
"2218","-123.354","4.230","-99.833","12.338"
"2219","-123.498","4.182","-100.209","12.330"
"2220","-123.645","4.218","-100.241","12.300"
"2221","-123.590","4.296","-100.252","12.266"
"2222","-123.531","4.182","-100.212","12.279"
"2223","-123.831","4.140","-100.183","12.287"
"2224","-123.793","4.000","-100.245","12.303"
"2225","-123.655","3.996","-100.229","12.292"
"2226","-123.767","3.918","-100.313","12.288"
"2227","-123.732","3.842","-100.305","12.307"
"2228","-123.946","3.895","-100.570","12.316"
"2229","-123.723","4.015","-100.522","12.323"
"2230","-123.732","4.032","-100.538","12.325"
"2231","-123.568","3.975","-100.683","12.318"
"2232","-123.882","3.912","-100.718","12.301"
"2233","-123.991","3.971","-100.745","12.304"
"2234","-123.756","3.995","-101.069","12.308"
"2235","-123.504","3.982","-100.772","12.308"
"2236","-123.994","4.079","-100.480","12.313"
"2237","-123.730","4.098","-100.617","12.332"
"2238","-123.643","4.043","-100.631","12.337"
"2239","-123.963","4.121","-100.703","12.350"
"2240","-124.115","4.147","-100.963","12.361"
"2241","-123.820","4.214","-100.771","12.372"
"2242","-123.732","4.366","-100.830","12.361"
"2243","-123.627","4.366","-100.913","12.351"
"2244","-124.052","4.253","-100.720","12.362"
"2245","-123.943","4.108","-100.737","12.360"
"2246","-124.275","4.011","-100.817","12.357"
"2247","-123.997","3.927","-100.726","12.358"
"2248","-123.897","3.921","-101.019","12.349"
"2249","-123.766","4.035","-101.327","12.350"
"2250","-123.578","4.066","-101.247","12.336"
"2251","-123.763","4.161","-101.008","12.322"
"2252","-123.743","4.008","-101.140","12.335"
"2253","-123.875","3.913","-101.127","12.344"
"2254","-124.110","3.840","-101.272","12.339"
"2255","-123.905","3.872","-101.500","12.349"
"2256","-124.096","3.874","-101.532","12.353"
"2257","-123.949","4.061","-101.538","12.349"
"2258","-124.143","4.192","-101.602","12.338"
"2259","-124.228","4.045","-101.187","12.317"
"2260","-124.067","4.205","-101.112","12.300"
"2261","-124.012","4.361","-101.405","12.311"
"2262","-124.012","4.384","-101.809","12.315"
"2263","-123.954","4.467","-102.067","12.318"
"2264","-123.913","4.433","-101.735","12.318"
"2265","-123.951","4.522","-101.706","12.318"
"2266","-124.040","4.452","-101.602","12.318"
"2267","-123.922","4.387","-101.570","12.310"
"2268","-124.060","4.272","-101.433","12.292"
"2269","-124.005","4.278","-101.543","12.282"
"2270","-124.037","4.329","-101.412","12.284"
"2271","-124.125","4.305","-101.626","12.276"
"2272","-124.475","4.217","-101.541","12.289"
"2273","-124.378","4.123","-101.769","12.293"
"2274","-124.408","4.015","-102.211","12.285"
"2275","-124.475","3.973","-102.032","12.265"
"2276","-124.534","3.824","-101.935","12.253"
"2277","-124.663","3.721","-101.920","12.227"
"2278","-124.541","3.818","-101.751","12.197"
"2279","-124.016","3.764","-101.599","12.187"
"2280","-124.670","3.770","-101.921","12.198"
"2281","-124.576","3.709","-101.585","12.221"
"2282","-124.600","3.714","-101.414","12.226"
"2283","-124.483","3.779","-101.305","12.233"
"2284","-124.832","3.895","-101.023","12.241"
"2285","-124.510","4.005","-101.082","12.250"
"2286","-124.437","3.982","-101.029","12.257"
"2287","-124.692","4.009","-100.879","12.270"
"2288","-124.660","4.047","-101.110","12.282"
"2289","-124.809","4.039","-100.887","12.289"
"2290","-124.601","3.904","-100.979","12.298"
"2291","-124.602","3.846","-100.775","12.279"
"2292","-124.766","3.879","-100.674","12.279"
"2293","-124.975","3.791","-100.625","12.272"
"2294","-124.969","3.739","-100.668","12.270"
"2295","-124.966","3.709","-100.696","12.290"
"2296","-124.979","3.640","-100.640","12.305"
"2297","-124.662","3.691","-100.597","12.310"
"2298","-124.747","3.655","-100.642","12.323"
"2299","-125.014","3.735","-100.683","12.331"
"2300","-125.267","3.782","-100.544","12.329"
"2301","-125.217","3.896","-100.737","12.330"
"2302","-125.355","3.788","-100.689","12.339"
"2303","-125.188","3.654","-100.411","12.345"
"2304","-125.238","3.629","-100.488","12.352"
"2305","-125.013","3.635","-100.524","12.356"
"2306","-125.274","3.648","-100.376","12.357"
"2307","-125.541","3.602","-100.538","12.359"
"2308","-125.357","3.714","-100.795","12.333"
"2309","-125.352","3.773","-100.573","12.308"
"2310","-125.413","3.716","-100.804","12.300"
"2311","-125.326","3.809","-100.769","12.308"
"2312","-125.593","3.926","-100.663","12.311"
"2313","-125.376","3.911","-100.639","12.317"
"2314","-125.465","3.873","-100.639","12.305"
"2315","-125.852","3.787","-100.658","12.290"
"2316","-126.236","3.598","-100.623","12.296"
"2317","-125.858","3.606","-100.500","12.301"
"2318","-125.663","3.704","-100.303","12.282"
"2319","-125.751","3.693","-100.498","12.252"
"2320","-125.807","3.672","-100.520","12.241"
"2321","-125.326","3.580","-100.316","12.229"
"2322","-126.153","3.505","-100.510","12.212"
"2323","-126.282","3.437","-100.748","12.190"
"2324","-126.215","3.406","-100.800","12.188"
"2325","-126.113","3.463","-100.843","12.186"
"2326","-126.592","3.467","-100.803","12.157"
"2327","-126.715","3.449","-100.672","12.142"
"2328","-126.460","3.470","-100.639","12.154"
"2329","-126.257","3.417","-100.795","12.152"
"2330","-126.404","3.575","-100.777","12.164"
"2331","-126.742","3.523","-100.973","12.189"
"2332","-126.733","3.592","-100.833","12.194"
"2333","-126.720","3.646","-100.644","12.205"
"2334","-126.691","3.602","-100.827","12.217"
"2335","-126.597","3.480","-100.856","12.221"
"2336","-126.541","3.461","-101.020","12.215"
"2337","-126.422","3.364","-101.192","12.219"
"2338","-126.390","3.352","-101.114","12.224"
"2339","-126.569","3.428","-101.088","12.239"
"2340","-126.716","3.496","-101.284","12.246"
"2341","-126.601","3.601","-101.134","12.256"
"2342","-126.399","3.616","-100.952","12.257"
"2343","-126.719","3.643","-100.995","12.246"
"2344","-126.845","3.641","-101.166","12.261"
"2345","-126.555","3.627","-101.335","12.265"
"2346","-126.693","3.675","-101.185","12.274"
"2347","-126.805","3.641","-101.258","12.266"
"2348","-127.072","3.608","-101.078","12.266"
"2349","-127.066","3.516","-101.239","12.268"
"2350","-127.117","3.470","-101.360","12.277"
"2351","-126.686","3.583","-101.130","12.267"
"2352","-126.575","3.529","-101.160","12.254"
"2353","-126.777","3.540","-100.868","12.259"
"2354","-126.965","3.634","-101.083","12.271"
"2355","-127.001","3.631","-101.051","12.268"
"2356","-126.396","3.765","-100.847","12.268"
"2357","-126.356","3.732","-100.920","12.278"
"2358","-126.637","3.724","-101.035","12.278"
"2359","-126.679","3.791","-100.856","12.277"
"2360","-126.406","3.688","-100.708","12.281"
"2361","-126.480","3.619","-100.840","12.258"
"2362","-126.486","3.728","-100.786","12.212"
"2363","-126.509","3.688","-100.907","12.195"
"2364","-126.568","3.743","-100.801","12.208"
"2365","-126.393","3.645","-100.747","12.224"
"2366","-126.249","3.605","-100.849","12.241"
"2367","-126.355","3.523","-100.732","12.244"
"2368","-126.223","3.542","-100.868","12.233"
"2369","-125.874","3.492","-100.826","12.239"
"2370","-125.845","3.549","-100.775","12.244"
"2371","-126.048","3.498","-100.212","12.261"
"2372","-126.066","3.393","-100.467","12.242"
"2373","-125.940","3.408","-100.636","12.217"
"2374","-125.468","3.360","-100.331","12.189"
"2375","-125.843","3.419","-100.401","12.208"
"2376","-125.679","3.411","-100.398","12.206"
"2377","-125.507","3.478","-100.460","12.206"
"2378","-125.381","3.518","-100.182","12.228"
"2379","-125.548","3.540","-100.305","12.224"
"2380","-125.267","3.696","-100.625","12.218"
"2381","-125.387","3.889","-100.324","12.218"
"2382","-125.268","3.755","-99.913","12.227"
"2383","-125.274","3.785","-99.929","12.236"
"2384","-125.386","3.678","-100.205","12.232"
"2385","-125.019","3.728","-100.259","12.236"
"2386","-125.063","3.684","-100.321","12.234"
"2387","-125.090","3.585","-100.353","12.234"
"2388","-124.967","3.571","-100.313","12.228"
"2389","-125.076","3.784","-100.501","12.228"
"2390","-125.059","3.752","-100.504","12.237"
"2391","-125.024","3.673","-100.445","12.248"
"2392","-125.088","3.574","-100.512","12.250"
"2393","-124.815","3.479","-100.263","12.259"
"2394","-124.725","3.565","-100.373","12.263"
"2395","-124.696","3.711","-100.569","12.234"
"2396","-124.441","3.766","-100.192","12.240"
"2397","-124.315","3.602","-100.256","12.251"
"2398","-124.360","3.493","-100.514","12.252"
"2399","-124.622","3.592","-100.354","12.265"
"2400","-124.545","3.706","-100.180","12.265"
"2401","-124.314","3.641","-100.190","12.259"
"2402","-123.974","3.588","-100.207","12.257"
"2403","-124.080","3.599","-100.239","12.263"
"2404","-124.288","3.641","-100.510","12.270"
"2405","-124.115","3.698","-100.288","12.277"
"2406","-124.069","3.779","-100.021","12.277"
"2407","-124.130","3.722","-99.850","12.253"
"2408","-123.884","3.699","-99.943","12.251"
"2409","-124.160","3.727","-99.904","12.249"
"2410","-123.893","3.617","-99.799","12.252"
"2411","-123.600","3.596","-99.874","12.263"
"2412","-123.947","3.542","-99.915","12.250"
"2413","-123.871","3.458","-99.892","12.224"
"2414","-124.030","3.530","-99.833","12.210"
"2415","-123.983","3.631","-100.063","12.216"
"2416","-123.684","3.709","-99.633","12.219"
"2417","-123.482","3.699","-99.634","12.227"
"2418","-123.716","3.650","-99.680","12.219"
"2419","-123.682","3.779","-99.642","12.213"
"2420","-123.588","3.880","-99.758","12.213"
"2421","-123.718","3.830","-99.663","12.200"
"2422","-123.645","3.643","-99.666","12.194"
"2423","-123.553","3.693","-99.653","12.187"
"2424","-123.530","3.746","-99.892","12.190"
"2425","-123.480","3.682","-99.876","12.195"
"2426","-123.262","3.712","-100.120","12.197"
"2427","-123.494","3.745","-100.014","12.208"
"2428","-123.325","3.645","-100.037","12.202"
"2429","-123.275","3.698","-99.996","12.218"
"2430","-123.484","3.664","-99.934","12.227"
"2431","-123.479","3.728","-100.229","12.225"
"2432","-123.148","3.815","-100.109","12.217"
"2433","-123.230","3.802","-99.932","12.212"
"2434","-123.524","3.790","-99.850","12.211"
"2435","-123.714","3.724","-100.102","12.211"
"2436","-123.609","3.767","-100.103","12.215"
"2437","-123.483","3.807","-99.953","12.217"
"2438","-123.345","3.836","-100.096","12.215"
"2439","-123.627","3.771","-100.089","12.209"
"2440","-123.774","3.679","-100.359","12.199"
"2441","-123.771","3.652","-100.287","12.198"
"2442","-123.809","3.578","-100.137","12.196"
"2443","-123.633","3.511","-100.086","12.196"
"2444","-123.944","3.650","-100.137","12.190"
"2445","-124.352","3.868","-100.169","12.197"
"2446","-124.367","3.734","-100.245","12.205"
"2447","-124.176","3.666","-100.341","12.175"
"2448","-124.027","3.536","-100.290","12.151"
"2449","-124.373","3.433","-100.215","12.126"
"2450","-124.274","3.290","-100.172","12.111"
"2451","-124.338","3.223","-100.352","12.107"
"2452","-124.367","3.286","-100.331","12.122"
"2453","-124.450","3.373","-100.229","12.137"
"2454","-124.635","3.375","-100.361","12.129"
"2455","-124.565","3.375","-100.396","12.120"
"2456","-124.644","3.331","-100.270","12.094"
"2457","-124.700","3.272","-100.077","12.082"
"2458","-124.445","3.188","-100.289","12.095"
"2459","-124.342","3.257","-100.385","12.106"
"2460","-124.607","3.197","-100.541","12.131"
"2461","-124.706","3.238","-100.460","12.133"
"2462","-124.532","3.308","-100.637","12.141"
"2463","-124.630","3.369","-100.450","12.157"
"2464","-124.906","3.329","-100.480","12.158"
"2465","-125.089","3.288","-100.770","12.154"
"2466","-125.141","3.242","-100.909","12.145"
"2467","-125.270","3.155","-100.762","12.128"
"2468","-125.221","3.135","-100.706","12.107"
"2469","-125.090","3.145","-100.516","12.101"
"2470","-125.292","3.127","-100.655","12.107"
"2471","-125.439","2.992","-100.899","12.103"
"2472","-125.142","3.021","-101.186","12.126"
"2473","-125.694","3.118","-101.194","12.120"
"2474","-125.835","3.091","-101.146","12.116"
"2475","-126.102","3.207","-101.077","12.133"
"2476","-126.369","3.243","-101.125","12.151"
"2477","-126.270","3.243","-101.147","12.120"
"2478","-126.082","3.340","-101.460","12.090"
"2479","-125.974","3.401","-101.509","12.071"
"2480","-126.358","3.354","-101.334","12.086"
"2481","-126.525","3.235","-101.254","12.078"
"2482","-126.496","3.256","-101.214","12.059"
"2483","-126.473","3.317","-101.252","12.078"
"2484","-126.775","3.248","-101.523","12.095"
"2485","-126.567","3.243","-101.646","12.104"
"2486","-126.755","3.160","-101.904","12.105"
"2487","-126.673","3.171","-102.033","12.096"
"2488","-127.116","3.089","-101.985","12.100"
"2489","-126.697","3.068","-102.044","12.122"
"2490","-126.823","3.150","-102.030","12.118"
"2491","-126.908","3.205","-102.108","12.083"
"2492","-126.935","3.178","-102.090","12.065"
"2493","-127.352","3.091","-102.039","12.069"
"2494","-127.613","3.211","-102.195","12.076"
"2495","-127.447","3.151","-102.321","12.087"
"2496","-127.409","3.185","-102.418","12.093"
"2497","-127.550","3.145","-102.400","12.103"
"2498","-127.902","3.088","-102.260","12.107"
"2499","-127.861","3.040","-102.510","12.100"
"2500","-128.069","3.069","-102.488","12.107"
"2501","-128.222","3.080","-102.770","12.105"
"2502","-128.258","3.137","-102.883","12.099"
"2503","-128.317","3.158","-102.987","12.092"
"2504","-128.780","3.112","-103.218","12.092"
"2505","-128.930","3.175","-103.216","12.090"
"2506","-129.262","3.108","-103.221","12.099"
"2507","-128.922","3.112","-103.186","12.114"
"2508","-129.106","3.131","-103.374","12.119"
"2509","-129.142","3.039","-103.511","12.134"
"2510","-128.840","3.153","-103.412","12.139"
"2511","-129.067","3.278","-103.375","12.132"
"2512","-129.170","3.444","-103.590","12.129"
"2513","-128.545","3.447","-104.054","12.146"
"2514","-129.534","3.478","-104.059","12.144"
"2515","-130.216","3.565","-104.011","12.122"
"2516","-130.388","3.506","-104.084","12.097"
"2517","-130.099","3.401","-104.178","12.069"
"2518","-129.999","3.399","-104.063","12.078"
"2519","-129.832","3.342","-104.042","12.095"
"2520","-129.972","3.279","-104.246","12.093"
"2521","-130.544","3.158","-104.184","12.100"
"2522","-130.588","3.051","-104.421","12.092"
"2523","-131.244","3.087","-104.442","12.096"
"2524","-131.487","3.210","-104.399","12.118"
"2525","-131.410","3.150","-104.426","12.124"
"2526","-130.788","3.226","-104.831","12.146"
"2527","-131.367","3.173","-104.571","12.152"
"2528","-131.746","3.137","-104.671","12.157"
"2529","-131.029","3.354","-104.898","12.159"
"2530","-131.670","3.458","-105.033","12.157"
"2531","-132.141","3.361","-105.282","12.136"
"2532","-132.572","3.262","-105.607","12.100"
"2533","-132.212","3.203","-105.503","12.082"
"2534","-132.582","3.172","-105.669","12.070"
"2535","-132.862","3.107","-105.910","12.044"
"2536","-132.579","3.115","-105.983","12.023"
"2537","-133.004","3.038","-106.200","12.034"
"2538","-133.346","3.031","-106.626","12.046"
"2539","-132.915","2.988","-106.779","12.047"
"2540","-133.802","3.006","-106.811","12.042"
"2541","-133.553","3.045","-106.772","12.028"
"2542","-134.155","3.031","-106.915","12.022"
"2543","-134.238","3.027","-106.912","12.033"
"2544","-133.890","3.037","-106.893","12.031"
"2545","-134.999","2.981","-107.180","12.029"
"2546","-133.056","3.092","-107.427","12.007"
"2547","-133.453","3.020","-107.735","11.990"
"2548","-135.134","3.002","-107.969","12.007"
"2549","-135.588","2.958","-108.232","12.012"
"2550","-135.108","3.057","-108.302","12.021"
"2551","-133.609","2.940","-108.442","12.039"
"2552","-133.788","3.091","-108.538","12.049"
"2553","-134.902","3.106","-108.562","12.062"
"2554","-136.331","2.975","-108.806","12.073"
"2555","-136.328","2.912","-108.892","12.080"
"2556","-136.969","2.909","-108.941","12.076"
"2557","-136.221","2.808","-109.035","12.069"
"2558","-134.907","2.901","-109.475","12.079"
"2559","-135.415","2.876","-109.620","12.083"
"2560","-135.866","2.948","-109.819","12.082"
"2561","-135.832","2.883","-109.830","12.088"
"2562","-136.666","2.942","-110.159","12.075"
"2563","-137.762","3.001","-110.307","12.065"
"2564","-137.387","2.965","-110.514","12.069"
"2565","-135.885","2.841","-110.621","12.065"
"2566","-138.046","2.867","-110.831","12.039"
"2567","-138.952","2.894","-111.033","12.024"
"2568","-138.955","2.772","-111.022","12.011"
"2569","-139.131","2.674","-111.499","11.994"
"2570","-139.260","2.745","-111.496","11.997"
"2571","-138.724","2.968","-111.821","11.990"
"2572","-139.809","2.952","-111.878","11.989"
"2573","-139.742","2.864","-111.962","12.002"
"2574","-140.537","2.948","-112.382","11.989"
"2575","-138.775","2.971","-112.066","11.972"
"2576","-140.421","2.932","-112.167","11.974"
"2577","-140.886","2.843","-112.596","11.972"
"2578","-141.222","2.907","-112.725","11.953"
"2579","-139.709","2.877","-112.905","11.934"
"2580","-139.146","2.731","-112.944","11.936"
"2581","-141.548","2.739","-112.754","11.926"
"2582","-141.200","2.815","-112.619","11.904"
"2583","-139.892","2.800","-112.712","11.902"
"2584","-140.544","2.733","-113.043","11.916"
"2585","-142.974","2.767","-113.262","11.933"
"2586","-142.168","2.816","-113.139","11.946"
"2587","-140.801","2.913","-113.201","11.962"
"2588","-141.478","2.919","-113.562","11.978"
"2589","-143.463","2.810","-113.276","12.000"
"2590","-143.893","2.656","-113.476","12.001"
"2591","-144.401","2.708","-113.852","11.986"
"2592","-142.111","2.640","-113.729","11.980"
"2593","-143.036","2.615","-113.827","11.989"
"2594","-144.848","2.544","-113.996","11.995"
"2595","-144.923","2.475","-113.976","11.991"
"2596","-144.898","2.517","-113.879","11.983"
"2597","-143.213","2.593","-114.254","11.986"
"2598","-143.421","2.587","-114.111","11.990"
"2599","-144.192","2.530","-113.887","11.975"
"2600","-144.993","2.574","-114.022","11.977"
"2601","-145.705","2.631","-114.126","11.982"
"2602","-144.996","2.604","-114.487","11.995"
"2603","-146.377","2.531","-114.807","12.006"
"2604","-145.918","2.432","-114.516","12.023"
"2605","-147.809","2.435","-114.542","12.017"
"2606","-145.863","2.433","-114.693","12.006"
"2607","-145.330","2.574","-114.864","12.004"
"2608","-147.842","2.519","-114.403","11.975"
"2609","-147.078","2.551","-114.602","11.966"
"2610","-146.344","2.676","-114.919","11.967"
"2611","-147.994","2.756","-114.611","11.956"
"2612","-149.165","2.800","-114.712","11.974"
"2613","-149.432","2.685","-115.001","11.989"
"2614","-150.081","2.689","-114.836","12.006"
"2615","-149.931","2.626","-114.934","12.019"
"2616","-149.309","2.540","-114.738","12.017"
"2617","-148.220","2.290","-115.013","12.011"
"2618","-148.048","2.135","-115.064","12.012"
"2619","-148.546","2.181","-115.146","12.014"
"2620","-148.920","2.206","-115.401","12.016"
"2621","-149.727","2.293","-115.109","12.023"
"2622","-151.903","2.129","-115.163","12.025"
"2623","-149.470","2.055","-115.476","12.044"
"2624","-149.240","2.184","-115.183","12.051"
"2625","-150.648","2.073","-115.561","12.047"
"2626","-152.034","2.062","-115.354","12.052"
"2627","-150.614","2.237","-115.032","12.063"
"2628","-152.709","2.202","-115.064","12.061"
"2629","-153.938","2.194","-115.512","12.053"
"2630","-151.697","2.167","-115.821","12.053"
"2631","-152.006","2.125","-115.751","12.047"
"2632","-154.297","2.194","-115.740","12.023"
"2633","-154.915","2.268","-115.536","12.025"
"2634","-154.300","2.340","-115.799","12.023"
"2635","-152.780","2.237","-115.766","12.022"
"2636","-154.047","2.300","-115.607","12.020"
"2637","-155.664","2.233","-115.876","12.033"
"2638","-154.175","2.034","-116.240","12.033"
"2639","-153.276","2.038","-116.152","12.036"
"2640","-153.905","2.209","-116.166","12.032"
"2641","-154.008","2.416","-115.925","12.032"
"2642","-154.174","2.361","-116.122","12.017"
"2643","-154.476","2.285","-115.906","12.019"
"2644","-155.136","2.256","-116.044","12.018"
"2645","-157.182","2.355","-115.882","12.013"
"2646","-157.540","2.375","-115.790","12.005"
"2647","-155.460","2.493","-115.852","12.001"
"2648","-157.640","2.505","-115.967","12.003"
"2649","-158.031","2.381","-116.095","12.008"
"2650","-157.139","2.352","-116.210","12.014"
"2651","-157.991","2.401","-116.379","12.017"
"2652","-158.747","2.464","-116.276","12.017"
"2653","-158.497","2.431","-116.299","12.018"
"2654","-158.656","2.474","-116.154","12.010"
"2655","-158.865","2.417","-116.534","11.998"
"2656","-158.871","2.361","-116.733","12.013"
"2657","-158.797","2.410","-116.532","11.986"
"2658","-158.890","2.394","-116.703","11.958"
"2659","-158.317","2.348","-116.555","11.916"
"2660","-158.710","2.305","-116.537","11.910"
"2661","-158.546","2.193","-116.504","11.917"
"2662","-158.601","2.271","-116.577","11.932"
"2663","-158.560","2.240","-116.467","11.932"
"2664","-158.721","2.156","-116.227","11.928"
"2665","-158.714","2.328","-116.384","11.923"
"2666","-158.643","2.329","-116.611","11.904"
"2667","-158.739","2.360","-116.421","11.902"
"2668","-158.019","2.237","-116.628","11.922"
"2669","-158.647","2.245","-116.945","11.939"
"2670","-158.761","2.172","-116.889","11.942"
"2671","-158.995","2.153","-116.851","11.942"
"2672","-158.645","2.231","-116.781","11.938"
"2673","-158.913","2.240","-117.123","11.953"
"2674","-159.017","2.160","-117.070","11.962"
"2675","-158.993","2.053","-117.028","11.958"
"2676","-159.048","2.053","-117.112","11.960"
"2677","-158.684","2.106","-117.241","11.963"
"2678","-158.994","2.306","-117.076","11.967"
"2679","-159.070","2.502","-116.755","11.978"
"2680","-159.468","2.407","-116.604","11.994"
"2681","-159.438","2.311","-116.671","12.007"
"2682","-159.307","2.223","-116.699","12.007"
"2683","-159.311","2.080","-116.882","12.005"
"2684","-159.175","1.986","-117.084","12.006"
"2685","-159.165","2.032","-116.723","12.014"
"2686","-159.189","1.967","-116.857","12.014"
"2687","-159.416","1.988","-116.656","11.989"
"2688","-159.268","2.070","-117.144","11.985"
"2689","-159.252","2.243","-117.172","11.981"
"2690","-159.437","2.208","-117.181","11.961"
"2691","-159.548","2.279","-117.116","11.931"
"2692","-159.561","2.227","-116.887","11.910"
"2693","-159.699","2.143","-116.750","11.902"
"2694","-160.103","2.126","-116.910","11.887"
"2695","-160.006","1.993","-116.901","11.899"
"2696","-159.837","1.882","-116.347","11.904"
"2697","-160.032","1.863","-116.445","11.900"
"2698","-160.173","1.975","-116.397","11.882"
"2699","-160.115","1.868","-116.725","11.878"
"2700","-160.308","1.720","-116.549","11.874"
"2701","-160.228","1.773","-116.421","11.885"
"2702","-160.007","1.784","-116.547","11.892"
"2703","-160.207","1.837","-116.421","11.903"
"2704","-160.207","1.894","-116.312","11.894"
"2705","-160.232","1.980","-116.250","11.883"
"2706","-160.436","1.951","-115.951","11.888"
"2707","-160.636","1.904","-116.331","11.892"
"2708","-160.523","1.900","-116.326","11.890"
"2709","-160.381","1.868","-116.211","11.905"
"2710","-160.163","1.824","-116.082","11.920"
"2711","-160.171","1.907","-116.315","11.938"
"2712","-160.546","2.010","-116.621","11.953"
"2713","-160.379","1.890","-116.778","11.964"
"2714","-160.892","1.840","-116.904","11.975"
"2715","-161.382","1.804","-116.781","11.988"
"2716","-161.284","1.743","-116.859","11.977"
"2717","-161.259","1.673","-116.912","11.977"
"2718","-161.349","1.701","-117.108","11.981"
"2719","-161.484","1.909","-116.657","11.959"
"2720","-161.331","1.966","-116.341","11.932"
"2721","-161.280","1.880","-116.758","11.925"
"2722","-161.258","1.856","-116.811","11.931"
"2723","-161.825","1.995","-116.753","11.938"
"2724","-161.746","2.039","-116.954","11.936"
"2725","-161.775","2.141","-116.750","11.942"
"2726","-161.655","2.181","-116.881","11.934"
"2727","-162.364","2.158","-117.078","11.932"
"2728","-162.019","2.114","-117.243","11.917"
"2729","-162.088","1.996","-117.109","11.925"
"2730","-162.266","1.821","-117.140","11.928"
"2731","-162.590","1.887","-117.056","11.937"
"2732","-162.328","1.941","-117.193","11.945"
"2733","-162.281","1.889","-116.734","11.945"
"2734","-162.383","1.952","-117.003","11.939"
"2735","-162.302","1.931","-116.952","11.940"
"2736","-162.411","1.962","-117.254","11.940"
"2737","-162.575","2.091","-117.395","11.947"
"2738","-162.622","2.131","-117.045","11.954"
"2739","-162.855","2.053","-117.283","11.956"
"2740","-162.652","1.906","-117.459","11.965"
"2741","-162.964","1.733","-117.468","11.954"
"2742","-163.323","1.581","-117.268","11.962"
"2743","-163.382","1.468","-117.613","11.962"
"2744","-163.189","1.442","-118.084","11.966"
"2745","-162.975","1.369","-118.193","11.971"
"2746","-163.517","1.428","-118.019","11.967"
"2747","-163.870","1.708","-117.507","11.958"
"2748","-163.848","1.870","-117.390","11.937"
"2749","-163.456","1.872","-117.401","11.939"
"2750","-163.329","1.723","-117.628","11.950"
"2751","-163.983","1.731","-117.799","11.952"
"2752","-164.347","1.738","-117.542","11.952"
"2753","-164.219","1.742","-117.575","11.957"
"2754","-164.357","1.746","-117.701","11.965"
"2755","-164.270","1.752","-117.816","11.965"
"2756","-164.488","1.809","-117.099","11.940"
"2757","-164.528","1.971","-117.494","11.926"
"2758","-164.710","2.071","-117.396","11.914"
"2759","-164.608","2.079","-117.881","11.892"
"2760","-164.707","1.987","-118.024","11.869"
"2761","-164.874","1.888","-117.338","11.880"
"2762","-164.609","1.810","-118.214","11.884"
"2763","-164.809","1.721","-118.004","11.886"
"2764","-165.299","1.783","-118.066","11.882"
"2765","-165.339","1.751","-118.206","11.892"
"2766","-165.186","1.791","-117.822","11.905"
"2767","-165.008","1.812","-117.581","11.911"
"2768","-164.972","1.791","-117.718","11.899"
"2769","-165.099","1.784","-117.648","11.871"
"2770","-165.775","1.683","-117.721","11.883"
"2771","-166.040","1.542","-118.253","11.890"
"2772","-166.048","1.498","-117.895","11.901"
"2773","-166.168","1.460","-117.811","11.914"
"2774","-166.179","1.471","-117.646","11.901"
"2775","-166.862","1.494","-117.959","11.897"
"2776","-166.521","1.374","-118.534","11.903"
"2777","-166.401","1.435","-118.170","11.906"
"2778","-166.841","1.524","-118.394","11.903"
"2779","-166.812","1.568","-118.511","11.899"
"2780","-166.823","1.612","-118.172","11.905"
"2781","-166.576","1.513","-118.301","11.882"
"2782","-166.928","1.572","-117.926","11.867"
"2783","-167.175","1.517","-117.814","11.880"
"2784","-167.186","1.391","-117.959","11.888"
"2785","-166.728","1.320","-118.063","11.903"
"2786","-166.925","1.330","-118.422","11.914"
"2787","-166.928","1.272","-117.935","11.910"
"2788","-166.896","1.250","-118.321","11.901"
"2789","-166.801","1.181","-118.366","11.910"
"2790","-167.077","1.057","-118.394","11.919"
"2791","-166.671","1.192","-118.383","11.908"
"2792","-166.613","1.386","-118.070","11.912"
"2793","-166.718","1.419","-117.994","11.908"
"2794","-167.107","1.390","-117.960","11.896"
"2795","-166.958","1.398","-118.171","11.881"
"2796","-166.999","1.430","-118.227","11.879"
"2797","-167.071","1.437","-117.826","11.896"
"2798","-166.941","1.447","-117.821","11.905"
"2799","-166.868","1.405","-117.942","11.918"
"2800","-166.985","1.447","-118.269","11.915"
"2801","-167.308","1.447","-117.396","11.909"
"2802","-167.294","1.420","-117.877","11.911"
"2803","-166.730","1.390","-118.530","11.907"
"2804","-167.170","1.304","-118.636","11.900"
"2805","-167.567","1.283","-117.987","11.879"
"2806","-167.382","1.065","-118.430","11.880"
"2807","-167.135","1.050","-118.349","11.851"
"2808","-166.706","1.181","-118.623","11.819"
"2809","-167.328","1.204","-118.184","11.822"
"2810","-167.404","1.305","-118.139","11.828"
"2811","-167.503","1.343","-118.279","11.817"
"2812","-167.154","1.375","-118.318","11.768"
"2813","-167.350","1.312","-118.506","11.753"
"2814","-167.477","1.461","-118.268","11.770"
"2815","-167.612","1.448","-119.111","11.781"
"2816","-167.830","1.339","-119.193","11.794"
"2817","-166.620","1.367","-118.627","11.816"
"2818","-167.463","1.415","-118.436","11.830"
"2819","-167.576","1.362","-118.305","11.844"
"2820","-167.961","1.365","-118.249","11.852"
"2821","-167.889","1.325","-118.739","11.848"
"2822","-167.678","1.426","-118.541","11.857"
"2823","-167.450","1.375","-118.751","11.848"
"2824","-168.093","1.447","-118.303","11.851"
"2825","-167.642","1.439","-118.493","11.851"
"2826","-167.751","1.256","-118.541","11.862"
"2827","-168.064","1.157","-118.446","11.864"
"2828","-168.126","1.090","-118.718","11.846"
"2829","-168.101","1.218","-118.805","11.836"
"2830","-167.999","1.366","-118.575","11.834"
"2831","-167.367","1.395","-118.623","11.806"
"2832","-167.421","1.142","-118.780","11.789"
"2833","-167.851","1.000","-118.645","11.802"
"2834","-168.236","1.063","-118.758","11.808"
"2835","-168.083","1.117","-118.169","11.817"
"2836","-168.062","1.059","-118.839","11.828"
"2837","-168.222","1.055","-118.803","11.824"
"2838","-168.226","1.236","-118.503","11.822"
"2839","-168.284","1.152","-118.442","11.835"
"2840","-168.608","0.994","-117.966","11.845"
"2841","-168.484","1.015","-118.402","11.848"
"2842","-168.793","1.095","-118.120","11.854"
"2843","-168.743","1.165","-118.837","11.855"
"2844","-168.572","1.247","-118.790","11.863"
"2845","-168.510","1.234","-118.941","11.848"
"2846","-168.845","1.216","-119.378","11.842"
"2847","-168.660","1.157","-119.154","11.846"
"2848","-168.475","1.030","-118.969","11.823"
"2849","-168.715","1.222","-119.098","11.825"
"2850","-168.922","1.346","-118.723","11.797"
"2851","-168.631","1.491","-118.729","11.778"
"2852","-169.053","1.447","-118.654","11.769"
"2853","-168.945","1.418","-118.293","11.785"
"2854","-168.411","1.484","-118.959","11.785"
"2855","-168.480","1.402","-118.797","11.795"
"2856","-168.207","1.402","-118.550","11.806"
"2857","-168.134","1.532","-118.833","11.819"
"2858","-168.520","1.650","-118.777","11.837"
"2859","-168.513","1.631","-118.836","11.839"
"2860","-168.019","1.764","-118.332","11.826"
"2861","-167.779","1.829","-118.204","11.813"
"2862","-168.041","1.798","-117.969","11.801"
"2863","-168.303","1.689","-118.031","11.788"
"2864","-168.336","1.569","-118.294","11.782"
"2865","-168.598","1.512","-118.185","11.786"
"2866","-167.922","1.451","-118.462","11.786"
"2867","-168.144","1.555","-118.132","11.793"
"2868","-168.013","1.601","-118.269","11.808"
"2869","-168.184","1.533","-118.964","11.814"
"2870","-168.319","1.332","-118.639","11.832"
"2871","-168.144","1.329","-118.533","11.838"
"2872","-168.123","1.429","-118.575","11.843"
"2873","-167.989","1.418","-118.872","11.836"
"2874","-167.996","1.368","-119.172","11.839"
"2875","-168.054","1.362","-119.192","11.847"
"2876","-167.921","1.412","-118.763","11.852"
"2877","-168.171","1.442","-118.778","11.860"
"2878","-168.353","1.434","-118.472","11.860"
"2879","-168.349","1.545","-118.542","11.863"
"2880","-168.138","1.762","-118.528","11.865"
"2881","-168.335","1.747","-118.282","11.856"
"2882","-168.321","1.711","-118.167","11.826"
"2883","-168.252","1.602","-118.722","11.792"
"2884","-168.223","1.442","-118.977","11.769"
"2885","-168.063","1.466","-119.215","11.766"
"2886","-168.024","1.519","-118.395","11.749"
"2887","-168.405","1.474","-118.787","11.726"
"2888","-167.947","1.548","-118.689","11.728"
"2889","-168.245","1.491","-118.317","11.723"
"2890","-167.962","1.502","-118.835","11.728"
"2891","-168.064","1.525","-119.051","11.735"
"2892","-167.992","1.439","-118.796","11.743"
"2893","-168.195","1.471","-118.421","11.746"
"2894","-167.800","1.416","-118.276","11.744"
"2895","-168.032","1.463","-118.060","11.748"
"2896","-167.840","1.471","-118.517","11.740"
"2897","-167.636","1.410","-117.942","11.733"
"2898","-167.639","1.376","-118.034","11.730"
"2899","-168.152","1.218","-118.208","11.737"
"2900","-168.146","1.261","-118.556","11.746"
"2901","-168.361","1.263","-119.092","11.732"
"2902","-168.135","1.295","-118.840","11.736"
"2903","-168.132","1.347","-118.638","11.732"
"2904","-167.997","1.198","-118.431","11.744"
"2905","-167.739","1.268","-118.285","11.740"
"2906","-168.045","1.245","-118.563","11.728"
"2907","-168.208","1.442","-118.302","11.721"
"2908","-168.241","1.425","-118.016","11.704"
"2909","-168.139","1.432","-117.896","11.706"
"2910","-167.918","1.501","-118.039","11.663"
"2911","-168.020","1.480","-119.053","11.640"
"2912","-168.289","1.495","-118.062","11.642"
"2913","-168.082","1.470","-117.877","11.659"
"2914","-168.020","1.573","-118.625","11.666"
"2915","-168.076","1.508","-118.435","11.681"
"2916","-168.145","1.374","-118.754","11.692"
"2917","-167.654","1.487","-118.791","11.685"
"2918","-168.261","1.452","-118.385","11.690"
"2919","-167.909","1.547","-118.393","11.698"
"2920","-168.065","1.386","-118.298","11.696"
"2921","-168.210","1.306","-118.541","11.696"
"2922","-168.254","1.286","-118.306","11.716"
"2923","-168.694","1.284","-118.388","11.722"
"2924","-168.422","1.397","-117.789","11.733"
"2925","-168.298","1.366","-118.609","11.727"
"2926","-168.397","1.129","-119.038","11.727"
"2927","-168.270","1.063","-118.627","11.734"
"2928","-168.128","1.026","-118.114","11.732"
"2929","-168.325","1.057","-118.257","11.697"
"2930","-167.954","1.139","-118.680","11.684"
"2931","-168.313","1.122","-118.582","11.682"
"2932","-168.091","0.962","-118.881","11.701"
"2933","-168.230","1.158","-118.478","11.714"
"2934","-168.259","1.310","-118.386","11.729"
"2935","-168.183","1.154","-118.560","11.732"
"2936","-168.168","1.034","-118.658","11.727"
"2937","-168.165","0.906","-118.120","11.730"
"2938","-168.140","0.925","-117.868","11.738"
"2939","-168.129","0.929","-117.838","11.726"
"2940","-168.239","0.854","-118.376","11.713"
"2941","-168.108","0.805","-118.936","11.706"
"2942","-167.944","0.845","-118.676","11.720"
"2943","-168.181","0.936","-118.412","11.724"
"2944","-168.548","0.928","-118.861","11.728"
"2945","-168.818","0.964","-118.562","11.740"
"2946","-168.742","1.021","-119.223","11.748"
"2947","-168.509","0.960","-118.573","11.748"
"2948","-168.469","0.870","-118.817","11.762"
"2949","-168.328","0.760","-118.582","11.774"
"2950","-168.564","0.626","-119.005","11.779"
"2951","-168.005","0.592","-118.532","11.788"
"2952","-168.277","0.603","-118.266","11.786"
"2953","-168.281","0.666","-118.532","11.796"
"2954","-168.510","0.716","-118.137","11.799"
"2955","-168.434","0.841","-118.132","11.775"
"2956","-168.140","0.666","-118.314","11.756"
"2957","-168.333","0.662","-118.504","11.760"
"2958","-168.424","0.780","-118.832","11.767"
"2959","-168.486","0.927","-119.160","11.771"
"2960","-168.250","0.888","-119.060","11.758"
"2961","-168.392","0.944","-118.757","11.730"
"2962","-168.617","1.090","-118.449","11.730"
"2963","-168.348","1.119","-118.578","11.731"
"2964","-168.475","1.073","-118.670","11.724"
"2965","-168.218","1.023","-118.531","11.707"
"2966","-168.000","1.008","-118.475","11.701"
"2967","-168.454","0.955","-118.584","11.716"
"2968","-168.268","0.884","-118.323","11.737"
"2969","-168.327","0.966","-118.055","11.740"
"2970","-167.947","0.883","-118.271","11.747"
"2971","-168.147","0.912","-118.218","11.758"
"2972","-167.856","0.717","-118.204","11.758"
"2973","-168.045","0.670","-118.697","11.764"
"2974","-167.867","0.681","-118.518","11.775"
"2975","-167.966","0.810","-118.608","11.788"
"2976","-167.654","0.835","-118.914","11.778"
"2977","-167.890","0.860","-118.536","11.758"
"2978","-167.687","0.757","-118.368","11.750"
"2979","-166.916","0.839","-119.130","11.752"
"2980","-167.153","0.898","-118.559","11.772"
"2981","-167.342","0.825","-118.861","11.778"
"2982","-167.215","0.834","-118.203","11.755"
"2983","-167.030","0.667","-118.133","11.724"
"2984","-166.939","0.703","-118.295","11.694"
"2985","-166.746","0.745","-118.298","11.677"
"2986","-166.950","0.739","-117.920","11.660"
"2987","-166.837","0.575","-118.186","11.667"
"2988","-166.474","0.487","-118.545","11.662"
"2989","-166.569","0.516","-118.400","11.665"
"2990","-166.620","0.718","-118.167","11.686"
"2991","-166.159","0.795","-118.213","11.696"
"2992","-166.429","0.778","-118.617","11.709"
"2993","-165.996","0.896","-119.026","11.726"
"2994","-166.168","1.025","-118.822","11.726"
"2995","-166.259","0.987","-118.491","11.722"
"2996","-165.863","0.926","-118.321","11.727"
"2997","-165.729","1.073","-118.366","11.733"
"2998","-165.976","1.027","-118.436","11.738"
"2999","-165.663","0.903","-118.240","11.738"
"3000","-165.322","0.922","-118.366","11.735"
"3001","-165.322","0.906","-118.310","11.738"
"3002","-165.356","0.980","-117.997","11.711"
"3003","-164.909","0.995","-118.003","11.717"
"3004","-165.531","0.999","-117.606","11.735"
"3005","-165.313","0.943","-117.542","11.743"
"3006","-165.085","0.810","-118.015","11.748"
"3007","-164.986","0.902","-118.334","11.756"
"3008","-164.928","0.974","-117.939","11.745"
"3009","-165.213","1.227","-117.640","11.737"
"3010","-165.090","1.158","-117.447","11.738"
"3011","-165.231","0.975","-117.361","11.740"
"3012","-164.544","0.924","-117.075","11.749"
"3013","-164.908","0.988","-117.383","11.753"
"3014","-165.058","0.975","-117.437","11.754"
"3015","-165.007","0.994","-117.392","11.766"
"3016","-164.593","0.938","-117.224","11.775"
"3017","-164.597","0.869","-117.208","11.784"
"3018","-164.670","0.852","-117.068","11.784"
"3019","-164.932","0.857","-117.290","11.763"
"3020","-164.547","0.962","-117.534","11.759"
"3021","-164.446","0.838","-117.201","11.749"
"3022","-164.795","0.773","-117.304","11.731"
"3023","-164.475","0.819","-117.128","11.723"
"3024","-164.239","0.876","-117.487","11.719"
"3025","-164.133","0.949","-117.965","11.693"
"3026","-164.403","1.028","-117.823","11.678"
"3027","-163.648","1.032","-117.613","11.683"
"3028","-164.139","1.016","-117.379","11.685"
"3029","-164.037","1.157","-117.171","11.689"
"3030","-164.125","1.178","-117.270","11.696"
"3031","-164.016","0.949","-117.197","11.683"
"3032","-164.173","1.046","-117.687","11.684"
"3033","-163.977","1.103","-117.486","11.692"
"3034","-163.792","1.050","-117.335","11.690"
"3035","-163.741","0.981","-117.537","11.693"
"3036","-163.829","1.085","-117.534","11.689"
"3037","-163.560","1.013","-117.305","11.699"
"3038","-163.636","1.181","-117.277","11.700"
"3039","-163.633","1.161","-117.602","11.700"
"3040","-163.593","1.026","-118.535","11.663"
"3041","-163.564","1.009","-119.207","11.646"
"3042","-163.277","1.007","-119.544","11.655"
"3043","-163.045","1.039","-119.493","11.657"
"3044","-163.562","1.166","-119.424","11.659"
"3045","-163.231","1.037","-118.993","11.651"
"3046","-163.755","0.998","-119.323","11.619"
"3047","-163.726","0.958","-119.049","11.617"
"3048","-163.330","0.905","-119.097","11.602"
"3049","-163.454","0.788","-119.013","11.594"
"3050","-163.393","0.849","-119.462","11.598"
"3051","-163.364","0.798","-119.028","11.601"
"3052","-163.015","0.696","-118.989","11.605"
"3053","-163.350","0.717","-118.950","11.597"
"3054","-163.048","0.721","-118.852","11.577"
"3055","-163.361","0.709","-118.717","11.556"
"3056","-163.445","0.732","-118.617","11.543"
"3057","-163.216","0.804","-118.914","11.534"
"3058","-163.035","0.713","-118.712","11.545"
"3059","-162.944","0.646","-118.878","11.563"
"3060","-162.792","0.583","-118.926","11.563"
"3061","-162.807","0.552","-118.811","11.553"
"3062","-162.596","0.565","-118.781","11.523"
"3063","-162.665","0.464","-118.862","11.544"
"3064","-162.905","0.457","-118.632","11.559"
"3065","-162.935","0.544","-118.403","11.549"
"3066","-163.030","0.578","-118.762","11.529"
"3067","-162.877","0.521","-118.429","11.510"
"3068","-163.005","0.578","-118.742","11.497"
"3069","-162.954","0.811","-118.658","11.484"
"3070","-162.910","0.805","-118.577","11.498"
"3071","-162.998","0.675","-118.731","11.519"
"3072","-162.911","0.528","-118.746","11.533"
"3073","-162.959","0.406","-118.561","11.548"
"3074","-162.941","0.389","-118.321","11.563"
"3075","-162.519","0.415","-118.497","11.563"
"3076","-162.236","0.407","-118.391","11.557"
"3077","-162.589","0.365","-136.150","11.527"
"3078","-162.774","0.316","-121.850","11.479"
"3079","-162.891","0.319","-119.293","11.452"
"3080","-162.880","0.468","-135.546","11.428"
"3081","-162.874","0.593","-144.294","11.444"
"3082","-162.925","0.580","-144.922","11.459"
"3083","-162.812","0.652","-144.698","11.461"
"3084","-162.642","0.584","-144.874","11.489"
"3085","-162.631","0.553","-147.096","11.511"
"3086","-162.711","0.498","-146.862","11.519"
"3087","-162.646","0.484","-144.451","11.526"
"3088","-162.719","0.429","-145.171","11.522"
"3089","-162.853","0.413","-146.241","11.514"
"3090","-162.766","0.421","-146.261","11.499"
"3091","-162.349","0.459","-146.625","11.497"
"3092","-162.323","0.543","-147.081","11.516"
"3093","-162.815","0.494","-148.468","11.521"
"3094","-162.743","0.529","-148.221","11.508"
"3095","-162.572","0.673","-148.885","11.510"
"3096","-162.507","0.805","-148.943","11.521"
"3097","-162.689","0.807","-148.641","11.525"
"3098","-162.394","0.789","-149.398","11.530"
"3099","-162.148","0.858","-147.920","11.550"
"3100","-162.400","0.905","-149.756","11.568"
"3101","-162.629","0.958","-147.504","11.574"
"3102","-162.676","0.678","-148.789","11.548"
"3103","-162.604","0.594","-148.406","11.542"
"3104","-162.422","0.685","-148.223","11.544"
"3105","-162.375","0.859","-149.457","11.551"
"3106","-162.527","0.746","-148.223","11.568"
"3107","-162.470","0.554","-149.558","11.571"
"3108","-162.365","0.559","-148.644","11.551"
"3109","-162.478","0.614","-150.736","11.541"
"3110","-162.526","0.625","-148.381","11.520"
"3111","-162.631","0.572","-149.621","11.507"
"3112","-162.544","0.621","-149.599","11.488"
"3113","-162.577","0.612","-149.143","11.488"
"3114","-162.294","0.461","-149.782","11.486"
"3115","-162.534","0.400","-149.843","11.468"
"3116","-162.207","0.505","-148.812","11.479"
"3117","-162.062","0.537","-150.189","11.480"
"3118","-162.677","0.474","-151.030","11.462"
"3119","-162.644","0.611","-149.333","11.480"
"3120","-162.597","0.706","-149.946","11.491"
"3121","-162.576","0.795","-149.727","11.493"
"3122","-162.489","0.915","-150.313","11.510"
"3123","-162.424","0.968","-149.613","11.524"
"3124","-162.362","0.802","-150.393","11.541"
"3125","-162.428","0.669","-151.599","11.541"
"3126","-162.298","0.737","-151.784","11.539"
"3127","-162.120","0.911","-150.634","11.555"
"3128","-162.342","1.036","-150.995","11.548"
"3129","-162.313","1.083","-152.228","11.564"
"3130","-162.338","1.118","-151.339","11.570"
"3131","-162.277","1.150","-152.527","11.559"
"3132","-162.204","1.318","-153.595","11.555"
"3133","-162.041","1.453","-152.703","11.571"
"3134","-161.980","1.361","-152.405","11.582"
"3135","-162.220","1.281","-153.596","11.577"
"3136","-162.413","1.172","-153.493","11.548"
"3137","-162.534","1.216","-153.611","11.514"
"3138","-162.279","1.273","-155.664","11.513"
"3139","-162.065","1.101","-155.064","11.533"
"3140","-162.258","0.916","-154.978","11.546"
"3141","-162.479","0.977","-156.807","11.539"
"3142","-162.541","0.953","-156.326","11.550"
"3143","-162.472","0.913","-155.146","11.567"
"3144","-162.549","0.950","-155.417","11.576"
"3145","-162.666","0.782","-155.109","11.546"
"3146","-162.855","0.786","-155.511","11.536"
"3147","-162.513","0.813","-154.192","11.527"
"3148","-162.430","0.786","-155.614","11.499"
"3149","-162.525","0.906","-155.532","11.474"
"3150","-162.670","0.845","-157.571","11.480"
"3151","-162.681","0.936","-157.355","11.491"
"3152","-162.663","0.951","-155.800","11.506"
"3153","-162.732","0.946","-155.797","11.524"
"3154","-162.696","0.947","-155.488","11.532"
"3155","-162.653","0.888","-157.391","11.541"
"3156","-162.624","0.861","-156.920","11.532"
"3157","-162.308","0.803","-156.892","11.528"
"3158","-162.741","0.714","-158.181","11.525"
"3159","-162.833","0.680","-158.793","11.531"
"3160","-162.964","0.613","-157.581","11.503"
"3161","-162.888","0.575","-157.152","11.478"
"3162","-162.735","0.375","-158.354","11.476"
"3163","-162.899","0.376","-158.804","11.495"
"3164","-163.019","0.389","-157.414","11.487"
"3165","-162.638","0.428","-157.688","11.504"
"3166","-163.063","0.365","-157.482","11.515"
"3167","-163.572","0.410","-158.557","11.513"
"3168","-163.158","0.448","-158.743","11.519"
"3169","-162.950","0.586","-158.660","11.521"
"3170","-162.903","0.542","-158.139","11.519"
"3171","-162.802","0.503","-159.956","11.536"
"3172","-163.107","0.709","-160.316","11.522"
"3173","-163.257","0.837","-160.251","11.489"
"3174","-163.628","0.789","-160.378","11.475"
"3175","-163.501","0.722","-159.681","11.486"
"3176","-163.355","0.699","-159.149","11.509"
"3177","-163.468","0.941","-159.077","11.503"
"3178","-163.217","1.071","-159.599","11.494"
"3179","-163.243","0.991","-159.572","11.481"
"3180","-163.505","0.895","-159.830","11.475"
"3181","-163.534","0.922","-160.006","11.484"
"3182","-163.614","1.015","-159.236","11.499"
"3183","-163.686","1.023","-158.542","11.488"
"3184","-163.400","0.971","-160.198","11.475"
"3185","-163.233","0.910","-159.566","11.495"
"3186","-163.401","0.839","-159.963","11.489"
"3187","-163.528","0.746","-160.795","11.459"
"3188","-163.623","0.736","-160.926","11.424"
"3189","-163.964","0.751","-160.268","11.429"
"3190","-163.852","0.660","-159.807","11.461"
"3191","-163.594","0.629","-160.123","11.478"
"3192","-163.816","0.700","-159.563","11.478"
"3193","-163.859","0.930","-160.403","11.500"
"3194","-163.928","0.913","-160.301","11.509"
"3195","-163.929","0.896","-160.316","11.526"
"3196","-163.882","0.863","-161.174","11.500"
"3197","-163.897","0.880","-160.920","11.501"
"3198","-164.217","0.752","-160.619","11.511"
"3199","-164.347","0.711","-160.465","11.524"
"3200","-164.235","0.676","-161.872","11.520"
"3201","-164.267","0.781","-161.313","11.529"
"3202","-163.417","0.836","-160.400","11.522"
"3203","-164.028","0.827","-161.545","11.499"
"3204","-164.159","0.749","-162.349","11.460"
"3205","-164.388","0.806","-162.280","11.447"
"3206","-164.152","0.786","-161.971","11.456"
"3207","-164.170","0.704","-161.419","11.463"
"3208","-164.512","0.710","-162.386","11.482"
"3209","-164.566","0.624","-162.640","11.508"
"3210","-164.261","0.550","-162.215","11.503"
"3211","-164.476","0.457","-161.961","11.490"
"3212","-164.687","0.426","-162.677","11.500"
"3213","-164.771","0.288","-162.761","11.506"
"3214","-164.854","0.269","-162.481","11.506"
"3215","-164.411","0.233","-162.456","11.504"
"3216","-164.669","0.098","-162.365","11.517"
"3217","-164.669","0.140","-162.870","11.502"
"3218","-164.891","0.307","-163.030","11.508"
"3219","-164.782","0.298","-162.711","11.509"
"3220","-164.993","0.260","-163.292","11.496"
"3221","-165.157","0.111","-163.121","11.461"
"3222","-165.022","0.082","-163.205","11.442"
"3223","-165.335","0.040","-162.642","11.444"
"3224","-165.546","0.088","-162.260","11.437"
"3225","-164.888","0.063","-162.522","11.416"
"3226","-165.015","0.012","-162.406","11.390"
"3227","-165.306","0.015","-162.442","11.408"
"3228","-165.335","0.019","-162.432","11.393"
"3229","-165.790","-0.103","-162.646","11.373"
"3230","-165.711","-0.037","-162.563","11.376"
"3231","-165.692","0.194","-162.527","11.393"
"3232","-165.642","0.272","-163.218","11.406"
"3233","-165.580","0.202","-163.228","11.425"
"3234","-165.718","0.280","-162.650","11.436"
"3235","-165.689","0.343","-162.712","11.432"
"3236","-165.558","0.354","-163.221","11.419"
"3237","-165.852","0.470","-163.061","11.419"
"3238","-165.794","0.468","-163.116","11.402"
"3239","-165.853","0.428","-163.349","11.372"
"3240","-165.733","0.480","-164.094","11.381"
"3241","-166.078","0.554","-163.890","11.381"
"3242","-165.556","0.447","-163.619","11.398"
"3243","-165.444","0.384","-164.088","11.405"
"3244","-166.105","0.463","-164.673","11.422"
"3245","-165.629","0.494","-164.830","11.429"
"3246","-165.774","0.506","-164.804","11.450"
"3247","-165.981","0.536","-164.898","11.444"
"3248","-165.933","0.605","-165.170","11.448"
"3249","-166.136","0.642","-164.803","11.443"
"3250","-166.188","0.727","-164.857","11.422"
"3251","-166.661","0.752","-164.414","11.409"
"3252","-166.283","0.666","-164.175","11.420"
"3253","-166.517","0.669","-164.217","11.438"
"3254","-166.744","0.634","-164.418","11.422"
"3255","-166.844","0.570","-164.402","11.416"
"3256","-166.906","0.478","-164.326","11.429"
"3257","-166.605","0.406","-164.235","11.417"
"3258","-166.771","0.480","-164.355","11.421"
"3259","-166.808","0.518","-164.572","11.425"
"3260","-166.720","0.434","-164.634","11.414"
"3261","-167.000","0.408","-163.933","11.401"
"3262","-167.132","0.150","-164.141","11.428"
"3263","-167.317","0.013","-164.297","11.441"
"3264","-167.419","-0.057","-164.711","11.453"
"3265","-167.306","-0.055","-164.613","11.468"
"3266","-166.997","-0.020","-164.994","11.466"
"3267","-167.080","-0.047","-165.114","11.445"
"3268","-167.207","-0.027","-165.034","11.408"
"3269","-167.415","0.156","-164.715","11.387"
"3270","-167.568","0.301","-164.595","11.400"
"3271","-167.662","0.450","-164.689","11.414"
"3272","-167.385","0.301","-164.619","11.403"
"3273","-167.534","0.126","-164.554","11.365"
"3274","-167.363","0.029","-164.761","11.358"
"3275","-167.371","0.054","-164.946","11.352"
"3276","-167.530","0.075","-165.669","11.332"
"3277","-167.236","0.175","-165.946","11.335"
"3278","-167.480","0.084","-166.136","11.344"
"3279","-167.367","0.105","-166.208","11.354"
"3280","-167.006","0.010","-166.138","11.353"
"3281","-167.189","-0.091","-166.244","11.333"
"3282","-167.743","-0.071","-166.808","11.333"
"3283","-167.637","0.066","-166.769","11.344"
"3284","-168.091","0.023","-166.095","11.326"
"3285","-168.196","-0.153","-166.473","11.317"
"3286","-168.003","-0.192","-166.643","11.339"
"3287","-167.981","-0.116","-166.262","11.343"
"3288","-168.021","-0.047","-166.229","11.332"
"3289","-168.316","-0.109","-166.190","11.322"
"3290","-168.134","-0.140","-166.411","11.341"
"3291","-168.057","-0.196","-166.277","11.349"
"3292","-168.156","-0.115","-165.910","11.367"
"3293","-168.051","-0.177","-165.736","11.378"
"3294","-168.203","-0.152","-166.059","11.384"
"3295","-168.294","-0.138","-166.342","11.388"
"3296","-168.024","-0.188","-166.520","11.381"
"3297","-168.176","-0.262","-166.577","11.366"
"3298","-168.246","-0.334","-166.250","11.338"
"3299","-168.271","-0.141","-166.319","11.304"
"3300","-168.184","0.006","-166.050","11.263"
"3301","-167.897","0.029","-166.494","11.254"
"3302","-167.984","0.062","-166.715","11.267"
"3303","-167.984","0.069","-166.712","11.276"
"3304","-167.777","0.149","-166.799","11.267"
"3305","-168.290","0.145","-167.177","11.270"
"3306","-167.992","0.154","-167.262","11.281"
"3307","-167.865","0.261","-167.087","11.285"
"3308","-167.773","0.551","-166.592","11.301"
"3309","-167.776","0.552","-167.198","11.312"
"3310","-167.656","0.358","-167.027","11.290"
"3311","-167.914","0.401","-166.755","11.286"
"3312","-167.711","0.313","-167.253","11.275"
"3313","-167.755","0.414","-167.362","11.252"
"3314","-167.529","0.241","-167.155","11.258"
"3315","-167.551","0.089","-167.242","11.256"
"3316","-167.645","0.097","-167.238","11.251"
"3317","-167.684","-0.038","-167.270","11.249"
"3318","-167.285","-0.053","-166.761","11.260"
"3319","-167.467","0.033","-166.693","11.275"
"3320","-167.111","0.212","-167.067","11.297"
"3321","-166.697","0.378","-166.973","11.319"
"3322","-166.344","0.294","-166.744","11.316"
"3323","-166.965","0.403","-166.842","11.308"
"3324","-167.019","0.289","-166.805","11.318"
"3325","-167.187","0.159","-166.489","11.312"
"3326","-167.060","0.150","-166.158","11.290"
"3327","-166.856","0.093","-166.449","11.264"
"3328","-167.063","0.213","-166.354","11.245"
"3329","-166.830","0.571","-166.503","11.245"
"3330","-166.878","0.626","-166.507","11.253"
"3331","-166.743","0.598","-166.441","11.260"
"3332","-166.582","0.560","-166.303","11.275"
"3333","-166.713","0.452","-166.306","11.300"
"3334","-166.706","0.261","-166.168","11.291"
"3335","-166.538","0.242","-165.655","11.285"
"3336","-166.582","0.259","-165.306","11.289"
"3337","-166.436","0.380","-165.626","11.281"
"3338","-166.497","0.201","-165.520","11.295"
"3339","-166.192","0.163","-165.530","11.308"
"3340","-166.196","0.187","-165.680","11.329"
"3341","-165.960","0.144","-165.305","11.338"
"3342","-165.985","0.109","-165.193","11.330"
"3343","-165.949","0.052","-165.331","11.311"
"3344","-165.694","0.010","-165.509","11.312"
"3345","-165.331","0.006","-165.552","11.302"
"3346","-165.432","0.033","-165.472","11.301"
"3347","-165.745","0.161","-165.505","11.304"
"3348","-165.672","0.201","-165.628","11.321"
"3349","-165.588","0.151","-165.654","11.331"
"3350","-165.767","0.199","-165.316","11.317"
"3351","-165.676","0.098","-165.378","11.299"
"3352","-165.632","0.058","-165.294","11.290"
"3353","-165.551","0.043","-165.162","11.292"
"3354","-165.340","0.014","-165.344","11.310"
"3355","-165.064","-0.076","-165.402","11.320"
"3356","-165.463","-0.055","-165.056","11.335"
"3357","-165.082","-0.109","-164.933","11.328"
"3358","-165.322","-0.144","-165.173","11.341"
"3359","-165.162","-0.022","-165.133","11.348"
"3360","-165.201","0.196","-165.052","11.350"
"3361","-165.136","0.160","-164.965","11.360"
"3362","-165.186","0.061","-164.863","11.369"
"3363","-165.237","0.092","-164.892","11.367"
"3364","-164.688","0.162","-164.616","11.341"
"3365","-165.125","0.128","-164.663","11.313"
"3366","-164.750","0.071","-164.903","11.272"
"3367","-164.695","0.027","-164.564","11.248"
"3368","-164.891","-0.046","-164.454","11.256"
"3369","-164.364","0.008","-164.531","11.278"
"3370","-164.389","-0.098","-164.356","11.291"
"3371","-164.279","-0.293","-164.519","11.265"
"3372","-164.618","-0.359","-164.570","11.260"
"3373","-164.389","-0.359","-164.541","11.286"
"3374","-164.330","-0.325","-164.297","11.307"
"3375","-164.715","-0.277","-164.410","11.324"
"3376","-164.682","-0.331","-164.297","11.313"
"3377","-164.409","-0.310","-164.260","11.286"
"3378","-164.417","-0.197","-164.257","11.286"
"3379","-163.926","-0.339","-164.162","11.281"
"3380","-164.289","-0.243","-163.973","11.268"
"3381","-164.013","-0.200","-163.998","11.294"
"3382","-164.249","-0.181","-163.929","11.311"
"3383","-164.030","-0.023","-163.946","11.332"
"3384","-164.230","-0.050","-163.892","11.349"
"3385","-163.833","-0.134","-163.826","11.362"
"3386","-163.906","-0.104","-163.731","11.377"
"3387","-164.044","0.075","-163.688","11.385"
"3388","-164.037","0.107","-163.746","11.383"
"3389","-163.684","0.048","-163.786","11.345"
"3390","-164.077","0.090","-163.848","11.329"
"3391","-163.800","0.068","-163.913","11.349"
"3392","-163.814","-0.049","-163.880","11.350"
"3393","-164.047","-0.121","-163.839","11.331"
"3394","-163.818","-0.086","-163.876","11.318"
"3395","-163.817","-0.117","-163.716","11.312"
"3396","-163.795","0.034","-163.588","11.333"
"3397","-163.639","0.103","-163.686","11.341"
"3398","-163.617","-0.037","-163.657","11.339"
"3399","-163.646","-0.144","-163.475","11.328"
"3400","-163.718","-0.119","-163.573","11.330"
"3401","-163.671","-0.086","-163.482","11.335"
"3402","-163.521","-0.165","-163.471","11.334"
"3403","-162.820","-0.237","-163.463","11.328"
"3404","-163.474","-0.200","-163.267","11.328"
"3405","-163.408","-0.085","-163.328","11.343"
"3406","-163.561","0.081","-163.426","11.351"
"3407","-163.429","0.070","-163.360","11.347"
"3408","-163.440","0.035","-163.284","11.344"
"3409","-163.393","0.104","-163.135","11.351"
"3410","-163.454","0.009","-163.087","11.355"
"3411","-163.240","-0.053","-163.120","11.348"
"3412","-163.247","-0.063","-163.153","11.353"
"3413","-163.250","-0.076","-163.010","11.353"
"3414","-163.257","0.030","-163.010","11.335"
"3415","-162.984","-0.006","-163.210","11.331"
"3416","-163.151","-0.064","-163.217","11.318"
"3417","-163.199","-0.249","-163.213","11.298"
"3418","-163.151","-0.294","-163.250","11.268"
"3419","-163.209","-0.381","-163.206","11.264"
"3420","-163.198","-0.342","-163.089","11.274"
"3421","-163.249","-0.173","-163.038","11.294"
"3422","-163.005","-0.159","-163.071","11.285"
"3423","-163.165","-0.212","-162.980","11.244"
"3424","-163.114","-0.278","-162.987","11.250"
"3425","-163.318","-0.184","-162.943","11.255"
"3426","-163.147","-0.192","-163.136","11.242"
"3427","-162.998","-0.188","-163.020","11.229"
"3428","-162.554","-0.354","-162.882","11.246"
"3429","-162.489","-0.433","-162.863","11.267"
"3430","-162.939","-0.534","-162.932","11.274"
"3431","-162.779","-0.637","-163.015","11.271"
"3432","-162.673","-0.615","-162.989","11.275"
"3433","-162.517","-0.520","-162.891","11.286"
"3434","-162.335","-0.452","-162.840","11.301"
"3435","-162.491","-0.405","-162.756","11.310"
"3436","-162.636","-0.327","-162.632","11.309"
"3437","-162.904","-0.216","-162.664","11.305"
"3438","-162.697","0.024","-162.737","11.300"
"3439","-162.421","0.135","-162.668","11.311"
"3440","-162.344","0.065","-162.650","11.322"
"3441","-162.609","-0.103","-162.606","11.317"
"3442","-162.740","-0.214","-162.682","11.315"
"3443","-162.489","-0.322","-162.649","11.332"
"3444","-162.438","-0.235","-162.470","11.330"
"3445","-162.601","-0.308","-162.430","11.334"
"3446","-162.542","-0.359","-162.604","11.323"
"3447","-162.626","-0.361","-162.597","11.273"
"3448","-162.353","-0.339","-162.589","11.230"
"3449","-162.807","-0.350","-162.589","11.197"
"3450","-162.712","-0.308","-162.625","11.182"
"3451","-162.683","-0.349","-162.552","11.163"
"3452","-162.356","-0.364","-162.560","11.157"
"3453","-162.262","-0.421","-162.575","11.140"
"3454","-162.353","-0.437","-162.484","11.131"
"3455","-162.739","-0.306","-162.560","11.127"
"3456","-162.581","-0.261","-162.629","11.141"
"3457","-162.798","-0.334","-162.635","11.166"
"3458","-162.605","-0.342","-162.528","11.183"
"3459","-162.710","-0.204","-162.394","11.188"
"3460","-162.638","-0.167","-162.489","11.177"
"3461","-162.242","-0.079","-162.416","11.171"
"3462","-162.725","-0.212","-162.402","11.166"
"3463","-162.405","-0.270","-162.456","11.196"
"3464","-162.427","-0.196","-162.431","11.222"
"3465","-162.551","-0.295","-162.307","11.227"
"3466","-162.423","-0.400","-162.329","11.226"
"3467","-162.587","-0.408","-162.446","11.231"
"3468","-162.704","-0.362","-162.566","11.209"
"3469","-162.598","-0.297","-162.496","11.196"
"3470","-162.761","-0.272","-162.492","11.220"
"3471","-162.645","-0.318","-162.543","11.205"
"3472","-162.383","-0.299","-162.579","11.205"
"3473","-162.673","-0.304","-162.542","11.219"
"3474","-162.485","-0.532","-162.503","11.239"
"3475","-162.027","-0.482","-162.517","11.252"
"3476","-162.412","-0.304","-162.459","11.275"
"3477","-162.448","-0.384","-162.448","11.286"
"3478","-162.433","-0.396","-162.437","11.292"
"3479","-162.593","-0.374","-162.407","11.297"
"3480","-162.818","-0.424","-162.338","11.260"
"3481","-162.661","-0.298","-162.479","11.227"
"3482","-162.559","-0.202","-162.526","11.197"
"3483","-162.398","-0.184","-162.540","11.175"
"3484","-162.198","-0.319","-162.511","11.173"
"3485","-162.606","-0.395","-162.515","11.169"
"3486","-162.642","-0.533","-162.460","11.156"
"3487","-162.519","-0.533","-162.464","11.175"
"3488","-162.562","-0.506","-162.504","11.182"
"3489","-162.504","-0.441","-162.485","11.186"
"3490","-162.819","-0.499","-162.547","11.170"
"3491","-162.728","-0.396","-162.575","11.178"
"3492","-162.444","-0.528","-162.524","11.202"
"3493","-162.298","-0.578","-162.466","11.213"
"3494","-162.334","-0.469","-162.462","11.176"
"3495","-162.392","-0.487","-162.320","11.148"
"3496","-162.428","-0.445","-162.301","11.149"
"3497","-162.388","-0.323","-162.344","11.124"
"3498","-162.323","-0.267","-162.320","11.145"
"3499","-162.276","-0.296","-162.272","11.171"
"3500","-162.305","-0.276","-162.286","11.201"
"3501","-162.249","-0.299","-162.308","11.207"
"3502","-161.911","-0.334","-162.212","11.194"
"3503","-162.318","-0.285","-162.289","11.203"
"3504","-162.296","-0.295","-162.373","11.218"
"3505","-162.339","-0.344","-162.387","11.211"
"3506","-162.397","-0.357","-162.291","11.211"
"3507","-161.990","-0.220","-162.313","11.241"
"3508","-162.258","-0.028","-162.258","11.243"
"3509","-162.459","0.016","-162.227","11.237"
"3510","-161.841","0.249","-162.201","11.239"
"3511","-162.306","0.251","-162.124","11.243"
"3512","-161.808","0.255","-162.190","11.262"
"3513","-161.997","0.306","-162.157","11.292"
"3514","-162.117","0.198","-162.164","11.294"
"3515","-161.756","0.209","-162.090","11.290"
"3516","-162.068","0.214","-161.930","11.249"
"3517","-162.206","0.073","-162.075","11.220"
"3518","-162.199","-0.010","-162.061","11.216"
"3519","-162.214","0.139","-162.072","11.233"
"3520","-162.242","0.201","-162.107","11.211"
"3521","-162.063","0.348","-162.139","11.190"
"3522","-162.182","0.230","-162.157","11.187"
"3523","-162.179","0.214","-162.190","11.192"
"3524","-161.820","0.138","-162.081","11.190"
"3525","-161.976","0.121","-161.972","11.211"
"3526","-161.805","0.115","-162.107","11.217"
"3527","-162.099","0.167","-162.016","11.228"
"3528","-162.012","0.281","-161.990","11.206"
"3529","-161.782","0.356","-161.975","11.204"
"3530","-161.909","0.272","-161.873","11.191"
"3531","-162.060","0.227","-161.999","11.194"
"3532","-162.130","0.210","-162.003","11.199"
"3533","-161.996","0.209","-162.010","11.210"
"3534","-162.061","0.166","-161.981","11.234"
"3535","-161.898","0.025","-161.963","11.223"
"3536","-161.585","0.044","-161.966","11.208"
"3537","-161.824","-0.002","-161.937","11.192"
"3538","-161.795","-0.056","-161.937","11.179"
"3539","-162.129","-0.068","-161.926","11.207"
"3540","-162.158","-0.050","-161.896","11.218"
"3541","-162.071","0.092","-161.943","11.235"
"3542","-162.172","0.050","-161.983","11.252"
"3543","-162.081","0.091","-162.114","11.271"
"3544","-162.175","0.049","-161.994","11.288"
"3545","-162.277","0.075","-162.143","11.295"
"3546","-161.997","0.119","-162.233","11.303"
"3547","-162.386","0.158","-162.059","11.312"
"3548","-162.458","0.160","-162.167","11.298"
"3549","-162.152","0.314","-162.134","11.270"
"3550","-162.126","0.278","-162.170","11.268"
"3551","-162.454","0.206","-162.174","11.289"
"3552","-162.254","0.103","-162.170","11.294"
"3553","-162.584","0.185","-162.231","11.293"
"3554","-162.319","0.379","-162.326","11.253"
"3555","-162.173","0.412","-162.318","11.220"
"3556","-162.132","0.470","-162.230","11.202"
"3557","-162.085","0.464","-162.209","11.190"
"3558","-162.136","0.317","-162.176","11.175"
"3559","-162.125","0.346","-162.205","11.179"
"3560","-162.216","0.344","-162.230","11.196"
"3561","-162.110","0.184","-162.230","11.183"
"3562","-162.026","0.173","-162.200","11.156"
"3563","-162.036","0.074","-162.196","11.146"
"3564","-162.174","0.057","-162.141","11.156"
"3565","-162.032","-0.004","-162.083","11.161"
"3566","-161.930","-0.045","-162.178","11.154"
"3567","-161.952","-0.031","-162.167","11.158"
"3568","-162.137","0.166","-162.170","11.167"
"3569","-162.079","0.137","-162.159","11.194"
"3570","-162.195","0.105","-162.188","11.182"
"3571","-162.380","0.086","-162.286","11.166"
"3572","-162.325","0.037","-162.249","11.164"
"3573","-162.318","0.037","-162.271","11.140"
"3574","-162.245","-0.003","-162.238","11.127"
"3575","-162.100","0.006","-162.223","11.127"
"3576","-161.976","0.020","-162.234","11.155"
"3577","-162.332","-0.013","-162.238","11.162"
"3578","-162.147","0.014","-162.274","11.159"
"3579","-162.125","0.005","-162.252","11.159"
"3580","-162.299","0.028","-162.273","11.138"
"3581","-162.408","-0.086","-162.248","11.150"
"3582","-162.208","-0.102","-162.273","11.159"
"3583","-162.356","-0.172","-162.338","11.184"
"3584","-162.312","-0.230","-162.272","11.206"
"3585","-162.014","-0.424","-162.294","11.216"
"3586","-162.039","-0.533","-162.217","11.218"
"3587","-162.036","-0.444","-162.199","11.219"
"3588","-162.235","-0.274","-162.003","11.221"
"3589","-162.254","-0.008","-162.097","11.193"
"3590","-162.543","-0.077","-162.187","11.173"
"3591","-162.259","-0.167","-162.278","11.149"
"3592","-162.386","-0.085","-162.325","11.146"
"3593","-162.263","-0.030","-162.306","11.144"
"3594","-162.242","-0.138","-162.351","11.138"
"3595","-162.424","-0.249","-162.322","11.139"
"3596","-162.355","-0.408","-162.300","11.117"
"3597","-162.202","-0.482","-162.289","11.134"
"3598","-162.677","-0.456","-162.190","11.160"
"3599","-162.492","-0.608","-162.376","11.187"
"3600","-162.350","-0.678","-162.528","11.185"
"3601","-162.463","-0.425","-162.448","11.179"
"3602","-162.670","-0.172","-162.463","11.151"
"3603","-162.474","-0.239","-162.568","11.149"
"3604","-162.256","-0.497","-162.558","11.160"
"3605","-162.641","-0.569","-162.565","11.174"
"3606","-162.662","-0.555","-162.538","11.198"
"3607","-162.349","-0.471","-162.560","11.208"
"3608","-162.505","-0.319","-162.530","11.212"
"3609","-162.588","-0.311","-162.501","11.229"
"3610","-162.355","-0.366","-162.472","11.242"
"3611","-162.577","-0.397","-162.472","11.249"
"3612","-162.886","-0.372","-162.494","11.253"
"3613","-162.944","-0.387","-162.556","11.262"
"3614","-162.697","-0.438","-162.504","11.272"
"3615","-162.715","-0.445","-162.598","11.265"
"3616","-162.598","-0.533","-162.580","11.242"
"3617","-162.946","-0.550","-162.670","11.258"
"3618","-162.870","-0.421","-162.696","11.263"
"3619","-162.754","-0.435","-162.722","11.270"
"3620","-162.405","-0.431","-162.656","11.272"
"3621","-162.652","-0.387","-162.598","11.282"
"3622","-163.041","-0.421","-162.703","11.282"
"3623","-163.030","-0.417","-162.717","11.289"
"3624","-162.964","-0.407","-162.764","11.269"
"3625","-162.753","-0.470","-162.822","11.248"
"3626","-162.619","-0.407","-162.775","11.219"
"3627","-162.706","-0.228","-162.793","11.189"
"3628","-162.713","-0.312","-162.829","11.200"
"3629","-162.953","-0.232","-162.796","11.217"
"3630","-162.934","-0.069","-162.778","11.217"
"3631","-162.799","-0.105","-162.821","11.199"
"3632","-162.894","-0.267","-162.908","11.199"
"3633","-163.232","-0.368","-162.872","11.186"
"3634","-163.014","-0.352","-162.919","11.186"
"3635","-162.893","-0.278","-162.955","11.203"
"3636","-163.075","-0.535","-162.937","11.212"
"3637","-163.024","-0.577","-162.893","11.186"
"3638","-162.925","-0.536","-162.987","11.179"
"3639","-163.256","-0.558","-162.969","11.194"
"3640","-163.172","-0.548","-163.037","11.190"
"3641","-163.186","-0.540","-163.102","11.194"
"3642","-163.273","-0.526","-163.153","11.217"
"3643","-163.175","-0.442","-163.160","11.226"
"3644","-163.240","-0.500","-163.160","11.219"
"3645","-162.898","-0.479","-163.130","11.234"
"3646","-162.665","-0.512","-163.134","11.238"
"3647","-163.159","-0.568","-163.104","11.216"
"3648","-163.468","-0.494","-163.079","11.212"
"3649","-163.475","-0.502","-163.115","11.178"
"3650","-163.798","-0.436","-163.285","11.175"
"3651","-163.347","-0.229","-163.387","11.201"
"3652","-163.630","-0.225","-163.449","11.216"
"3653","-163.438","-0.328","-163.481","11.222"
"3654","-163.445","-0.494","-163.437","11.185"
"3655","-163.310","-0.503","-163.430","11.149"
"3656","-163.193","-0.612","-163.488","11.153"
"3657","-163.374","-0.705","-163.480","11.174"
"3658","-163.589","-0.769","-163.400","11.198"
"3659","-163.392","-0.884","-163.454","11.215"
"3660","-163.584","-0.841","-163.413","11.197"
"3661","-163.736","-0.755","-163.384","11.195"
"3662","-163.507","-0.741","-163.416","11.209"
"3663","-163.863","-0.643","-163.481","11.214"
"3664","-163.597","-0.493","-163.651","11.224"
"3665","-163.524","-0.596","-163.669","11.220"
"3666","-163.666","-0.598","-163.593","11.191"
"3667","-163.527","-0.458","-163.647","11.180"
"3668","-163.483","-0.520","-163.658","11.168"
"3669","-163.592","-0.323","-163.668","11.133"
"3670","-163.635","-0.403","-163.722","11.148"
"3671","-163.526","-0.523","-163.660","11.167"
"3672","-163.565","-0.558","-163.812","11.184"
"3673","-163.540","-0.591","-163.758","11.205"
"3674","-163.758","-0.597","-163.736","11.222"
"3675","-163.325","-0.643","-163.674","11.231"
"3676","-163.630","-0.639","-163.524","11.216"
"3677","-163.611","-0.373","-163.611","11.215"
"3678","-163.516","-0.325","-163.574","11.217"
"3679","-163.723","-0.314","-163.588","11.202"
"3680","-163.642","-0.202","-163.591","11.218"
"3681","-163.594","-0.066","-163.620","11.207"
"3682","-164.059","-0.103","-163.648","11.170"
"3683","-164.032","-0.104","-163.625","11.122"
"3684","-163.897","-0.094","-163.661","11.124"
"3685","-163.929","-0.138","-163.657","11.139"
"3686","-164.093","-0.158","-163.849","11.150"
"3687","-163.733","-0.062","-163.973","11.171"
"3688","-163.646","-0.064","-163.857","11.191"
"3689","-163.798","-0.089","-163.849","11.201"
"3690","-163.819","-0.196","-163.855","11.205"
"3691","-164.186","-0.402","-163.902","11.200"
"3692","-164.251","-0.464","-163.960","11.217"
"3693","-163.955","-0.477","-163.944","11.223"
"3694","-164.147","-0.562","-163.983","11.197"
"3695","-164.045","-0.657","-164.168","11.125"
"3696","-164.270","-0.739","-164.066","11.115"
"3697","-164.328","-0.741","-164.062","11.149"
"3698","-164.527","-0.744","-164.011","11.174"
"3699","-164.479","-0.619","-164.043","11.165"
"3700","-164.457","-0.699","-164.148","11.154"
"3701","-164.039","-0.529","-164.151","11.161"
"3702","-164.285","-0.519","-164.259","11.169"
"3703","-164.069","-0.565","-164.353","11.179"
"3704","-164.369","-0.547","-164.333","11.174"
"3705","-164.496","-0.500","-164.333","11.173"
"3706","-164.459","-0.420","-164.354","11.186"
"3707","-164.572","-0.361","-164.408","11.183"
"3708","-164.473","-0.363","-164.448","11.177"
"3709","-164.633","-0.342","-164.473","11.170"
"3710","-164.421","-0.312","-164.479","11.189"
"3711","-164.425","-0.530","-164.494","11.185"
"3712","-164.660","-0.609","-164.471","11.178"
"3713","-164.620","-0.726","-164.518","11.146"
"3714","-164.558","-0.662","-164.562","11.148"
"3715","-164.776","-0.772","-164.507","11.134"
"3716","-164.720","-0.752","-164.670","11.132"
"3717","-164.821","-0.692","-164.701","11.114"
"3718","-164.883","-0.701","-164.654","11.109"
"3719","-165.061","-0.756","-164.654","11.103"
"3720","-164.872","-0.833","-164.719","11.101"
"3721","-164.493","-0.885","-164.780","11.104"
"3722","-164.576","-0.753","-164.754","11.130"
"3723","-164.586","-0.916","-164.717","11.115"
"3724","-164.476","-1.015","-164.694","11.106"
"3725","-164.897","-1.022","-164.712","11.095"
"3726","-164.759","-0.987","-164.722","11.077"
"3727","-164.700","-0.959","-164.758","11.090"
"3728","-164.900","-0.924","-164.736","11.100"
"3729","-165.048","-0.698","-164.758","11.096"
"3730","-164.852","-0.686","-164.772","11.055"
"3731","-164.739","-0.637","-164.866","11.048"
"3732","-164.618","-0.672","-164.825","11.052"
"3733","-164.566","-0.736","-164.726","11.064"
"3734","-164.791","-0.599","-164.740","11.070"
"3735","-164.922","-0.549","-164.787","11.057"
"3736","-165.027","-0.465","-164.787","11.059"
"3737","-165.165","-0.336","-164.787","11.072"
"3738","-165.215","-0.250","-164.931","11.080"
"3739","-165.195","-0.333","-165.006","11.064"
"3740","-164.892","-0.520","-164.998","11.072"
"3741","-164.849","-0.564","-164.893","11.092"
"3742","-164.951","-0.697","-164.787","11.111"
"3743","-165.147","-0.701","-164.867","11.109"
"3744","-165.249","-0.648","-164.943","11.061"
"3745","-165.030","-0.801","-164.997","11.026"
"3746","-164.883","-0.876","-165.011","11.022"
"3747","-164.850","-0.845","-164.926","11.040"
"3748","-165.104","-0.887","-164.933","11.036"
"3749","-165.217","-0.921","-165.002","11.036"
"3750","-165.133","-0.845","-165.089","11.055"
"3751","-165.059","-0.936","-165.092","11.057"
"3752","-165.069","-1.054","-165.076","11.046"
"3753","-164.975","-1.124","-165.058","11.037"
"3754","-165.167","-1.163","-165.014","11.020"
"3755","-165.341","-1.100","-165.039","10.993"
"3756","-165.402","-1.197","-165.177","10.969"
"3757","-165.282","-1.222","-165.144","10.933"
"3758","-165.405","-1.191","-165.155","10.904"
"3759","-165.641","-1.187","-165.172","10.883"
"3760","-165.525","-1.095","-165.110","10.923"
"3761","-164.950","-1.000","-165.244","10.955"
"3762","-165.480","-1.015","-165.346","10.985"
"3763","-165.668","-0.954","-165.319","10.993"
"3764","-165.544","-0.934","-165.347","10.971"
"3765","-165.492","-0.860","-165.391","10.952"
"3766","-165.736","-0.916","-165.448","10.964"
"3767","-165.735","-0.982","-165.535","10.981"
"3768","-165.720","-0.824","-165.651","10.994"
"3769","-165.375","-0.616","-165.658","11.003"
"3770","-166.010","-0.620","-165.465","11.043"
"3771","-165.618","-0.589","-165.571","11.069"
"3772","-165.970","-0.597","-165.585","11.078"
"3773","-165.686","-0.711","-165.664","11.060"
"3774","-166.020","-0.666","-165.657","11.060"
"3775","-166.151","-0.866","-165.685","11.075"
"3776","-165.998","-0.957","-165.663","11.072"
"3777","-165.986","-1.035","-165.732","11.068"
"3778","-166.051","-1.134","-165.785","11.074"
"3779","-165.861","-1.096","-165.785","11.047"
"3780","-165.951","-1.125","-165.813","11.021"
"3781","-165.725","-1.076","-165.772","11.025"
"3782","-165.826","-1.070","-165.782","11.035"
"3783","-165.648","-0.971","-165.855","10.997"
"3784","-165.652","-0.982","-165.822","11.009"
"3785","-165.710","-0.852","-165.764","11.033"
"3786","-165.783","-0.800","-165.732","11.050"
"3787","-165.932","-0.938","-165.710","11.057"
"3788","-165.848","-1.112","-165.757","11.065"
"3789","-165.516","-1.143","-165.796","11.064"
"3790","-165.816","-1.080","-165.751","11.075"
"3791","-165.697","-1.072","-165.773","11.071"
"3792","-165.664","-1.240","-165.733","11.067"
"3793","-165.409","-1.372","-165.653","11.056"
"3794","-165.187","-1.349","-165.682","11.036"
"3795","-165.277","-1.257","-165.536","11.027"
"3796","-165.342","-1.284","-165.622","11.028"
"3797","-165.596","-1.268","-165.534","11.028"
"3798","-165.505","-1.178","-165.687","11.009"
"3799","-165.526","-1.172","-165.643","10.998"
"3800","-165.395","-1.119","-165.635","10.991"
"3801","-165.351","-1.141","-165.700","10.987"
"3802","-165.027","-1.142","-165.590","10.965"
"3803","-165.252","-1.103","-165.477","10.945"
"3804","-165.684","-0.972","-165.433","10.962"
"3805","-165.589","-0.814","-165.607","10.979"
"3806","-165.374","-0.803","-165.552","11.013"
"3807","-165.344","-0.851","-165.483","11.028"
"3808","-165.296","-0.887","-165.427","10.999"
"3809","-165.493","-0.784","-165.413","10.984"
"3810","-165.547","-0.702","-165.431","10.986"
"3811","-165.445","-0.657","-165.561","10.994"
"3812","-164.957","-0.753","-165.651","10.975"
"3813","-165.447","-0.869","-165.473","10.970"
"3814","-165.207","-0.999","-165.447","10.994"
"3815","-165.152","-0.984","-165.509","11.009"
"3816","-165.188","-0.906","-165.279","11.021"
"3817","-165.464","-1.014","-165.406","11.023"
"3818","-165.369","-1.144","-165.427","11.047"
"3819","-165.339","-1.171","-165.401","11.064"
"3820","-165.422","-1.198","-165.306","11.057"
"3821","-165.455","-1.177","-165.433","11.046"
"3822","-165.062","-1.025","-165.473","11.045"
"3823","-164.901","-1.092","-165.301","11.034"
"3824","-165.319","-1.259","-165.308","11.013"
"3825","-164.984","-1.403","-165.326","11.012"
"3826","-165.235","-1.382","-165.279","11.043"
"3827","-165.363","-1.386","-165.290","11.036"
"3828","-165.217","-1.335","-165.384","11.027"
"3829","-164.744","-1.422","-165.340","11.034"
"3830","-165.096","-1.541","-165.187","11.029"
"3831","-165.067","-1.537","-165.187","11.014"
"3832","-164.931","-1.480","-165.262","11.016"
"3833","-165.043","-1.482","-165.243","11.026"
"3834","-164.887","-1.565","-165.029","11.049"
"3835","-164.763","-1.536","-165.039","11.051"
"3836","-165.137","-1.378","-165.093","11.068"
"3837","-165.075","-1.179","-165.053","11.083"
"3838","-165.031","-1.165","-165.056","11.102"
"3839","-164.707","-1.122","-165.096","11.109"
"3840","-164.958","-1.023","-164.925","11.065"
"3841","-164.779","-0.784","-165.056","11.042"
"3842","-164.997","-0.898","-165.015","11.048"
"3843","-165.025","-1.015","-165.058","11.058"
"3844","-164.825","-1.052","-164.992","11.067"
"3845","-165.032","-1.061","-164.952","11.082"
"3846","-164.693","-1.080","-165.006","11.086"
"3847","-164.464","-1.047","-164.849","11.070"
"3848","-164.958","-0.784","-164.947","11.051"
"3849","-164.990","-0.677","-165.030","11.027"
"3850","-164.717","-0.531","-164.964","11.003"
"3851","-165.088","-0.566","-164.960","10.998"
"3852","-164.985","-0.645","-165.065","11.000"
"3853","-164.741","-0.731","-165.076","11.022"
"3854","-165.003","-0.691","-164.948","11.026"
"3855","-164.861","-0.736","-164.934","11.002"
"3856","-164.846","-0.833","-164.998","10.997"
"3857","-164.852","-0.909","-164.983","11.007"
"3858","-164.536","-0.986","-164.874","11.023"
"3859","-164.757","-1.075","-164.866","11.054"
"3860","-164.986","-1.104","-164.928","11.043"
"3861","-164.880","-1.059","-164.989","11.034"
"3862","-164.294","-1.042","-164.741","11.017"
"3863","-164.832","-1.119","-164.726","11.019"
"3864","-164.991","-1.207","-164.926","11.036"
"3865","-164.653","-1.103","-165.002","11.036"
"3866","-164.576","-1.064","-164.910","11.010"
"3867","-164.725","-0.980","-164.779","11.022"
"3868","-164.951","-1.004","-164.682","11.036"
"3869","-165.013","-0.975","-164.860","11.059"
"3870","-164.419","-0.823","-164.859","11.057"
"3871","-164.640","-0.867","-164.884","11.073"
"3872","-164.799","-0.896","-164.857","11.064"
"3873","-164.523","-0.997","-164.894","11.049"
"3874","-164.665","-1.065","-164.890","11.015"
"3875","-165.010","-0.934","-164.861","10.976"
"3876","-164.766","-1.049","-164.904","10.930"
"3877","-164.576","-1.196","-164.932","10.883"
"3878","-164.783","-1.198","-164.830","10.859"
"3879","-164.880","-1.116","-164.888","10.875"
"3880","-164.535","-0.924","-164.870","10.904"
"3881","-164.565","-0.902","-164.815","10.932"
"3882","-164.597","-1.025","-164.717","10.927"
"3883","-164.731","-0.999","-164.607","10.918"
"3884","-164.676","-1.061","-164.738","10.901"
"3885","-164.702","-1.145","-164.792","10.916"
"3886","-164.665","-1.180","-164.785","10.938"
"3887","-164.621","-1.193","-164.676","10.963"
"3888","-164.683","-1.304","-164.726","10.969"
"3889","-164.475","-1.384","-164.726","10.935"
"3890","-164.057","-1.337","-164.642","10.906"
"3891","-164.402","-1.309","-164.471","10.898"
"3892","-164.253","-1.366","-164.594","10.913"
"3893","-164.634","-1.297","-164.557","10.943"
"3894","-164.630","-1.225","-164.622","10.953"
"3895","-164.695","-1.346","-164.735","10.953"
"3896","-164.760","-1.439","-164.680","10.972"
"3897","-164.640","-1.511","-164.611","10.950"
"3898","-164.679","-1.528","-164.574","10.935"
"3899","-164.708","-1.670","-164.570","10.913"
"3900","-164.653","-1.697","-164.711","10.920"
"3901","-164.595","-1.588","-164.624","10.941"
"3902","-164.693","-1.529","-164.584","10.965"
"3903","-164.802","-1.449","-164.631","10.992"
"3904","-164.736","-1.422","-164.681","11.012"
"3905","-164.932","-1.437","-164.739","11.022"
"3906","-164.561","-1.388","-164.637","11.035"
"3907","-164.753","-1.326","-164.695","11.047"
"3908","-164.680","-1.275","-164.734","11.058"
"3909","-164.726","-1.152","-164.705","11.062"
"3910","-164.497","-0.989","-164.690","11.064"
"3911","-164.464","-0.994","-164.682","11.077"
"3912","-164.314","-0.903","-164.623","11.102"
"3913","-164.539","-0.935","-164.612","11.111"
"3914","-164.710","-0.896","-164.681","11.078"
"3915","-164.811","-0.886","-164.695","11.018"
"3916","-164.775","-0.744","-164.727","10.970"
"3917","-164.425","-0.892","-164.683","10.955"
"3918","-164.432","-0.823","-164.657","10.982"
"3919","-164.391","-0.644","-164.595","10.995"
"3920","-164.580","-0.809","-164.616","10.994"
"3921","-164.641","-0.943","-164.634","11.009"
"3922","-164.630","-0.935","-164.706","11.009"
"3923","-164.611","-0.949","-164.720","10.981"
"3924","-164.331","-0.773","-164.679","10.982"
"3925","-164.461","-0.613","-164.671","10.958"
"3926","-164.293","-0.769","-164.678","10.919"
"3927","-164.136","-0.969","-164.645","10.941"
"3928","-164.216","-1.130","-164.644","10.968"
"3929","-164.204","-1.114","-164.473","10.979"
"3930","-164.341","-1.049","-164.447","10.987"
"3931","-164.443","-1.061","-164.493","10.989"
"3932","-164.380","-1.175","-164.526","10.988"
"3933","-164.081","-1.256","-164.594","10.998"
"3934","-164.371","-1.274","-164.448","11.011"
"3935","-164.269","-1.355","-164.483","11.011"
"3936","-163.981","-1.366","-164.490","10.978"
"3937","-164.282","-1.372","-164.420","10.982"
"3938","-164.122","-1.381","-164.343","10.997"
"3939","-164.000","-1.293","-164.189","10.996"
"3940","-164.153","-1.252","-164.305","11.008"
"3941","-164.280","-1.240","-164.382","11.032"
"3942","-164.011","-1.367","-164.335","11.034"
"3943","-164.058","-1.491","-164.327","11.030"
"3944","-164.039","-1.486","-164.304","11.053"
"3945","-164.176","-1.420","-164.252","11.046"
"3946","-164.215","-1.394","-164.215","11.032"
"3947","-164.123","-1.524","-164.349","11.017"
"3948","-164.086","-1.467","-164.341","11.032"
"3949","-163.598","-1.558","-164.322","11.040"
"3950","-163.907","-1.439","-164.183","11.037"
"3951","-164.051","-1.336","-164.219","11.050"
"3952","-164.028","-1.368","-164.195","11.055"
"3953","-163.998","-1.461","-164.165","11.022"
"3954","-163.663","-1.482","-164.106","11.015"
"3955","-163.939","-1.559","-164.091","10.951"
"3956","-163.927","-1.553","-164.112","10.892"
"3957","-163.999","-1.566","-164.108","10.905"
"3958","-163.896","-1.624","-164.103","10.919"
"3959","-163.881","-1.809","-164.125","10.906"
"3960","-163.743","-1.721","-164.157","10.914"
"3961","-163.771","-1.641","-164.069","10.901"
"3962","-163.745","-1.502","-163.988","10.898"
"3963","-163.999","-1.483","-163.762","10.922"
"3964","-164.067","-1.566","-164.020","10.934"
"3965","-164.019","-1.645","-164.066","10.944"
"3966","-163.967","-1.666","-164.065","10.950"
"3967","-163.978","-1.734","-164.057","10.969"
"3968","-163.951","-1.874","-164.071","10.967"
"3969","-163.714","-1.778","-163.972","10.964"
"3970","-163.393","-1.666","-163.971","10.976"
"3971","-163.822","-1.555","-163.818","10.994"
"3972","-163.891","-1.510","-163.982","10.974"
"3973","-163.882","-1.543","-164.024","10.939"
"3974","-163.718","-1.533","-163.976","10.953"
"3975","-163.674","-1.486","-163.972","10.957"
"3976","-163.702","-1.421","-163.924","10.968"
"3977","-163.836","-1.378","-163.858","10.986"
"3978","-163.617","-1.245","-163.900","10.986"
"3979","-163.282","-0.974","-163.867","10.983"
"3980","-163.463","-0.855","-163.779","10.957"
"3981","-163.510","-0.960","-163.764","10.961"
"3982","-163.535","-0.954","-163.789","10.963"
"3983","-163.694","-0.911","-163.708","10.963"
"3984","-163.566","-0.726","-163.725","10.966"
"3985","-163.459","-0.659","-163.681","10.957"
"3986","-163.208","-0.771","-163.608","10.944"
"3987","-163.414","-0.855","-163.520","10.931"
"3988","-163.206","-0.922","-163.588","10.928"
"3989","-163.518","-0.930","-163.587","10.934"
"3990","-163.361","-0.848","-163.681","10.945"
"3991","-163.248","-0.886","-163.557","10.948"
"3992","-163.131","-0.853","-163.527","10.961"
"3993","-163.189","-0.876","-163.483","10.961"
"3994","-163.199","-0.804","-163.461","10.935"
"3995","-163.275","-0.963","-163.424","10.919"
"3996","-163.205","-1.058","-163.387","10.904"
"3997","-163.011","-1.088","-163.295","10.922"
"3998","-163.290","-1.014","-163.312","10.909"
"3999","-163.170","-0.981","-163.348","10.883"
"4000","-163.061","-1.055","-163.312","10.881"
"4001","-162.763","-1.041","-163.220","10.904"
"4002","-162.711","-0.990","-163.104","10.927"
"4003","-162.663","-0.999","-163.176","10.927"
"4004","-162.840","-1.007","-163.142","10.935"
"4005","-163.011","-1.000","-163.072","10.948"
"4006","-162.905","-0.969","-163.094","10.976"
"4007","-163.014","-0.983","-163.064","10.986"
"4008","-162.897","-0.932","-163.028","10.990"
"4009","-162.955","-0.924","-163.006","10.979"
"4010","-162.842","-0.858","-162.933","10.973"
"4011","-162.779","-0.688","-163.016","10.925"
"4012","-162.503","-0.662","-162.961","10.901"
"4013","-162.735","-0.760","-162.971","10.879"
"4014","-162.473","-0.835","-162.960","10.888"
"4015","-162.796","-1.028","-162.865","10.911"
"4016","-162.509","-1.062","-162.883","10.935"
"4017","-162.272","-1.107","-162.810","10.945"
"4018","-162.628","-1.292","-162.682","10.925"
"4019","-162.293","-1.389","-162.754","10.914"
"4020","-162.412","-1.466","-162.775","10.899"
"4021","-162.277","-1.600","-162.706","10.903"
"4022","-162.618","-1.660","-162.705","10.900"
"4023","-162.620","-1.663","-162.773","10.898"
"4024","-162.551","-1.678","-162.747","10.916"
"4025","-162.430","-1.631","-162.674","10.942"
"4026","-162.317","-1.614","-162.528","10.953"
"4027","-161.724","-1.713","-162.444","10.965"
"4028","-162.236","-1.679","-162.465","10.933"
"4029","-162.422","-1.642","-162.436","10.909"
"4030","-162.403","-1.675","-162.483","10.909"
"4031","-162.297","-1.698","-162.483","10.909"
"4032","-162.199","-1.655","-162.449","10.917"
"4033","-162.191","-1.587","-162.329","10.934"
"4034","-162.020","-1.425","-162.340","10.955"
"4035","-161.881","-1.404","-162.270","10.968"
"4036","-161.909","-1.436","-162.102","10.967"
"4037","-162.109","-1.578","-162.116","10.982"
"4038","-161.879","-1.661","-162.170","11.003"
"4039","-161.806","-1.681","-161.959","11.016"
"4040","-161.849","-1.674","-161.984","11.028"
"4041","-161.787","-1.742","-161.969","11.034"
"4042","-161.866","-1.668","-162.030","11.054"
"4043","-161.826","-1.557","-162.015","11.062"
"4044","-161.661","-1.467","-161.963","11.072"
"4045","-161.166","-1.332","-162.053","11.067"
"4046","-161.656","-1.478","-161.954","11.032"
"4047","-161.612","-1.520","-161.983","10.994"
"4048","-161.321","-1.598","-161.943","10.982"
"4049","-161.575","-1.648","-161.877","10.997"
"4050","-161.520","-1.459","-161.833","11.021"
"4051","-161.610","-1.230","-161.767","11.020"
"4052","-161.672","-1.369","-161.741","11.011"
"4053","-161.188","-1.396","-161.726","11.003"
"4054","-161.271","-1.485","-161.627","11.009"
"4055","-161.539","-1.489","-161.572","10.976"
"4056","-161.350","-1.705","-161.597","10.946"
"4057","-161.295","-1.802","-161.451","10.932"
"4058","-161.403","-1.838","-161.432","10.913"
"4059","-161.490","-1.733","-161.530","10.923"
"4060","-161.478","-1.655","-161.627","10.937"
"4061","-161.518","-1.429","-161.528","10.953"
"4062","-161.335","-1.456","-161.568","10.978"
"4063","-161.223","-1.419","-161.343","10.993"
"4064","-161.262","-1.364","-161.350","11.008"
"4065","-161.320","-1.416","-161.414","11.010"
"4066","-161.340","-1.406","-161.435","11.007"
"4067","-161.315","-1.383","-161.457","10.998"
"4068","-161.318","-1.129","-161.394","10.993"
"4069","-161.186","-1.094","-161.353","10.989"
"4070","-161.171","-1.117","-161.313","10.997"
"4071","-161.120","-1.224","-161.305","11.010"
"4072","-161.080","-1.282","-161.309","11.014"
"4073","-160.966","-1.295","-161.286","11.024"
"4074","-161.191","-1.168","-161.286","11.007"
"4075","-161.227","-1.263","-161.314","10.987"
"4076","-161.171","-1.282","-161.324","10.969"
"4077","-161.068","-1.272","-161.316","10.962"
"4078","-160.977","-1.293","-161.243","10.966"
"4079","-161.062","-1.364","-161.261","10.962"
"4080","-161.036","-1.346","-161.171","10.928"
"4081","-161.116","-1.414","-161.246","10.923"
"4082","-160.882","-1.277","-161.213","10.931"
"4083","-160.627","-1.289","-161.063","10.950"
"4084","-160.594","-1.374","-161.031","10.939"
"4085","-160.819","-1.349","-161.015","10.903"
"4086","-160.797","-1.218","-160.979","10.905"
"4087","-160.858","-1.089","-160.971","10.932"
"4088","-160.999","-1.184","-161.024","10.949"
"4089","-160.965","-1.227","-161.053","10.961"
"4090","-161.041","-1.176","-161.067","10.965"
"4091","-161.102","-1.226","-161.041","10.963"
"4092","-160.866","-1.142","-160.975","10.965"
"4093","-160.727","-1.159","-160.912","10.962"
"4094","-160.545","-1.204","-160.894","10.977"
"4095","-160.599","-1.178","-160.860","11.002"
"4096","-160.903","-1.205","-160.838","11.019"
"4097","-160.914","-1.230","-160.845","11.043"
"4098","-160.677","-1.246","-160.892","11.051"
"4099","-160.521","-1.397","-160.869","11.074"
"4100","-160.553","-1.418","-160.691","11.085"
"4101","-160.268","-1.406","-160.687","11.094"
"4102","-160.628","-1.410","-160.679","11.087"
"4103","-160.493","-1.443","-160.744","11.058"
"4104","-160.438","-1.442","-160.634","11.006"
"4105","-160.550","-1.598","-160.612","10.980"
"4106","-160.441","-1.592","-160.673","11.002"
"4107","-160.484","-1.545","-160.582","11.018"
"4108","-160.400","-1.480","-160.527","11.001"
"4109","-160.021","-1.529","-160.498","11.005"
"4110","-160.215","-1.501","-160.363","11.014"
"4111","-160.413","-1.627","-160.493","11.030"
"4112","-160.558","-1.682","-160.489","11.047"
"4113","-160.580","-1.658","-160.529","11.049"
"4114","-160.540","-1.567","-160.663","11.013"
"4115","-160.681","-1.629","-160.667","10.985"
"4116","-160.670","-1.720","-160.713","10.997"
"4117","-160.002","-1.566","-160.466","11.014"
"4118","-160.393","-1.473","-160.535","11.022"
"4119","-160.625","-1.321","-160.498","11.003"
"4120","-160.737","-1.223","-160.551","10.983"
"4121","-160.620","-1.261","-160.627","10.997"
"4122","-160.448","-1.292","-160.619","10.993"
"4123","-160.466","-1.331","-160.546","10.988"
"4124","-160.193","-1.442","-160.495","11.005"
"4125","-160.182","-1.422","-160.473","11.001"
"4126","-160.236","-1.451","-160.341","10.985"
"4127","-160.330","-1.534","-160.457","10.955"
"4128","-160.355","-1.466","-160.497","10.968"
"4129","-160.220","-1.378","-160.398","10.957"
"4130","-160.347","-1.256","-160.333","10.927"
"4131","-160.438","-1.361","-160.423","10.909"
"4132","-160.350","-1.362","-160.426","10.883"
"4133","-160.241","-1.329","-160.470","10.878"
"4134","-160.280","-1.395","-160.378","10.863"
"4135","-160.178","-1.612","-160.418","10.843"
"4136","-160.345","-1.614","-160.417","10.820"
"4137","-159.974","-1.567","-160.438","10.789"
"4138","-160.056","-1.508","-160.256","10.769"
"4139","-160.238","-1.466","-160.394","10.750"
"4140","-160.219","-1.417","-160.361","10.743"
"4141","-160.056","-1.405","-160.372","10.752"
"4142","-160.149","-1.459","-160.356","10.758"
"4143","-160.222","-1.554","-160.305","10.757"
"4144","-160.068","-1.649","-160.246","10.738"
"4145","-160.101","-1.672","-160.275","10.729"
"4146","-160.224","-1.505","-160.308","10.742"
"4147","-160.105","-1.240","-160.336","10.744"
"4148","-160.173","-1.222","-160.296","10.756"
"4149","-160.150","-1.419","-160.278","10.760"
"4150","-160.183","-1.592","-160.252","10.750"
"4151","-160.131","-1.751","-160.313","10.751"
"4152","-160.149","-1.778","-160.287","10.734"
"4153","-160.037","-1.733","-160.254","10.734"
"4154","-160.406","-1.702","-160.254","10.707"
"4155","-160.271","-1.797","-160.286","10.690"
"4156","-160.111","-1.808","-160.340","10.659"
"4157","-160.230","-1.806","-160.332","10.627"
"4158","-160.183","-1.835","-160.259","10.607"
"4159","-160.284","-1.903","-160.288","10.569"
"4160","-160.233","-2.058","-160.342","10.570"
"4161","-160.265","-2.091","-160.335","10.573"
"4162","-160.189","-1.893","-160.360","10.570"
"4163","-160.091","-1.805","-160.399","10.574"
"4164","-160.254","-1.853","-160.355","10.566"
"4165","-160.330","-1.867","-160.344","10.563"
"4166","-160.475","-1.942","-160.376","10.543"
"4167","-160.561","-1.952","-160.380","10.535"
"4168","-160.114","-1.788","-160.405","10.511"
"4169","-160.448","-1.701","-160.397","10.495"
"4170","-160.302","-1.844","-160.382","10.497"
"4171","-160.462","-1.928","-160.385","10.489"
"4172","-160.196","-1.883","-160.367","10.478"
"4173","-160.170","-1.916","-160.418","10.475"
"4174","-160.330","-2.001","-160.413","10.473"
"4175","-160.242","-1.921","-160.322","10.470"
"4176","-160.093","-1.853","-160.384","10.473"
"4177","-160.122","-1.795","-160.253","10.470"
"4178","-160.518","-1.781","-160.286","10.470"
"4179","-160.522","-1.725","-160.373","10.462"
"4180","-160.195","-1.579","-160.445","10.472"
"4181","-160.547","-1.594","-160.423","10.472"
"4182","-160.285","-1.654","-160.375","10.463"
"4183","-160.401","-1.656","-160.383","10.467"
"4184","-160.360","-1.586","-160.397","10.461"
"4185","-160.251","-1.541","-160.360","10.465"
"4186","-160.349","-1.385","-160.396","10.446"
"4187","-160.095","-1.476","-160.356","10.447"
"4188","-160.614","-1.441","-160.341","10.436"
"4189","-160.504","-1.503","-160.395","10.451"
"4190","-160.246","-1.585","-160.424","10.442"
"4191","-160.369","-1.610","-160.438","10.436"
"4192","-160.616","-1.686","-160.493","10.419"
"4193","-160.503","-1.666","-160.525","10.410"
"4194","-160.666","-1.609","-160.532","10.403"
"4195","-160.877","-1.695","-160.539","10.385"
"4196","-160.814","-1.805","-160.596","10.372"
"4197","-160.879","-1.803","-160.668","10.376"
"4198","-160.909","-1.722","-160.749","10.376"
"4199","-160.800","-1.788","-160.687","10.370"
"4200","-160.585","-1.854","-160.723","10.374"
"4201","-160.719","-1.801","-160.763","10.378"
"4202","-160.337","-1.785","-160.701","10.374"
"4203","-161.107","-1.728","-160.675","10.376"
"4204","-161.121","-1.765","-160.714","10.382"
"4205","-160.925","-1.744","-160.827","10.388"
"4206","-161.183","-1.713","-160.863","10.392"
"4207","-161.147","-1.757","-160.925","10.403"
"4208","-160.790","-1.750","-161.005","10.399"
"4209","-160.906","-1.666","-161.037","10.390"
"4210","-161.048","-1.716","-160.975","10.381"
"4211","-160.931","-1.883","-161.029","10.379"
"4212","-161.051","-1.975","-160.982","10.392"
"4213","-161.178","-2.021","-160.949","10.383"
"4214","-160.843","-2.035","-161.003","10.381"
"4215","-160.974","-2.027","-160.999","10.380"
"4216","-161.271","-2.040","-161.064","10.383"
"4217","-161.154","-2.024","-161.176","10.380"
"4218","-161.169","-2.012","-161.198","10.373"
"4219","-161.057","-1.960","-161.166","10.364"
"4220","-160.848","-1.899","-161.165","10.341"
"4221","-160.928","-1.851","-161.132","10.328"
"4222","-161.211","-1.737","-161.120","10.327"
"4223","-160.938","-1.659","-161.178","10.325"
"4224","-160.996","-1.850","-161.196","10.322"
"4225","-161.086","-1.822","-161.017","10.322"
"4226","-161.228","-1.943","-161.138","10.329"
"4227","-161.072","-2.080","-161.138","10.325"
"4228","-161.155","-2.211","-161.104","10.327"
"4229","-161.183","-2.277","-161.143","10.324"
"4230","-161.143","-2.319","-161.164","10.332"
"4231","-161.255","-2.354","-161.175","10.321"
"4232","-161.494","-2.263","-161.193","10.308"
"4233","-161.240","-2.210","-161.208","10.312"
"4234","-161.439","-2.153","-161.355","10.323"
"4235","-161.278","-2.160","-161.278","10.320"
"4236","-160.998","-2.102","-161.315","10.324"
"4237","-160.799","-2.071","-161.151","10.318"
"4238","-160.828","-2.114","-161.115","10.299"
"4239","-161.006","-2.092","-161.126","10.287"
"4240","-160.805","-2.256","-161.114","10.281"
"4241","-161.110","-2.232","-161.077","10.265"
"4242","-160.920","-2.224","-161.127","10.254"
"4243","-161.185","-1.992","-161.142","10.267"
"4244","-160.905","-1.992","-161.232","10.262"
"4245","-161.024","-2.081","-160.923","10.260"
"4246","-161.089","-2.114","-161.089","10.232"
"4247","-160.704","-2.162","-161.162","10.212"
"4248","-161.085","-2.098","-161.074","10.199"
"4249","-161.288","-2.181","-161.125","10.201"
"4250","-161.360","-2.276","-161.175","10.200"
"4251","-161.051","-2.292","-161.189","10.219"
"4252","-161.032","-2.334","-161.206","10.208"
"4253","-161.021","-2.289","-161.206","10.193"
"4254","-161.148","-2.200","-161.170","10.184"
"4255","-160.697","-2.143","-161.290","10.170"
"4256","-161.256","-2.176","-161.184","10.169"
"4257","-160.809","-2.304","-161.245","10.152"
"4258","-160.783","-2.485","-161.128","10.145"
"4259","-160.859","-2.467","-161.157","10.138"
"4260","-160.941","-2.492","-161.098","10.133"
"4261","-160.890","-2.493","-161.101","10.139"
"4262","-160.857","-2.456","-161.133","10.135"
"4263","-161.133","-2.464","-161.108","10.126"
"4264","-161.093","-2.347","-161.082","10.126"
"4265","-161.103","-2.337","-161.147","10.130"
"4266","-160.856","-2.460","-161.154","10.121"
"4267","-160.870","-2.531","-161.062","10.131"
"4268","-161.025","-2.636","-161.029","10.129"
"4269","-160.814","-2.696","-161.058","10.120"
"4270","-160.959","-2.602","-161.057","10.115"
"4271","-160.769","-2.501","-161.115","10.105"
"4272","-161.060","-2.489","-161.125","10.098"
"4273","-160.954","-2.598","-161.176","10.087"
"4274","-160.859","-2.677","-161.110","10.091"
"4275","-160.652","-2.769","-161.125","10.095"
"4276","-160.935","-2.753","-161.088","10.093"
"4277","-161.098","-2.578","-161.055","10.078"
"4278","-161.112","-2.587","-161.094","10.084"
"4279","-161.083","-2.560","-161.112","10.092"
"4280","-160.959","-2.445","-161.133","10.100"
"4281","-160.980","-2.400","-161.024","10.113"
"4282","-161.016","-2.372","-161.092","10.117"
"4283","-161.125","-2.308","-161.110","10.104"
"4284","-160.994","-2.335","-161.165","10.102"
"4285","-160.659","-2.288","-161.106","10.093"
"4286","-160.852","-2.263","-160.954","10.074"
"4287","-161.259","-2.347","-161.084","10.048"
"4288","-161.029","-2.469","-161.135","10.039"
"4289","-161.102","-2.512","-161.134","10.043"
"4290","-161.079","-2.435","-161.141","10.049"
"4291","-161.093","-2.357","-161.119","10.042"
"4292","-160.918","-2.271","-161.205","10.044"
"4293","-161.038","-2.205","-161.125","10.057"
"4294","-160.648","-2.059","-161.139","10.050"
"4295","-160.884","-2.134","-161.044","10.052"
"4296","-161.087","-2.085","-161.120","10.039"
"4297","-161.123","-2.147","-161.170","10.036"
"4298","-161.264","-2.264","-161.140","10.031"
"4299","-161.241","-2.351","-161.227","10.037"
"4300","-161.081","-2.345","-161.234","10.031"
"4301","-161.103","-2.162","-161.176","10.037"
"4302","-161.117","-2.086","-161.197","10.039"
"4303","-160.757","-2.047","-161.262","10.033"
"4304","-161.102","-2.105","-161.247","10.034"
"4305","-161.065","-2.083","-161.240","10.026"
"4306","-160.588","-1.943","-161.181","10.012"
"4307","-161.165","-2.057","-161.103","10.011"
"4308","-161.190","-2.061","-161.146","10.009"
"4309","-161.076","-1.953","-161.316","10.007"
"4310","-161.298","-1.979","-161.233","10.000"
"4311","-161.370","-1.971","-161.189","9.985"
"4312","-161.213","-1.887","-161.217","10.002"
"4313","-161.318","-1.950","-161.238","10.014"
"4314","-161.416","-2.049","-161.307","10.022"
"4315","-161.180","-2.143","-161.292","10.012"
"4316","-161.343","-2.246","-161.299","10.013"
"4317","-161.455","-2.300","-161.382","10.011"
"4318","-161.167","-2.229","-161.440","10.017"
"4319","-161.286","-2.009","-161.341","10.004"
"4320","-161.352","-1.799","-161.355","9.997"
"4321","-161.471","-1.740","-161.438","9.989"
"4322","-161.431","-1.849","-161.406","9.972"
"4323","-161.492","-1.942","-161.463","9.973"
"4324","-161.404","-1.905","-161.466","9.973"
"4325","-161.232","-1.825","-161.476","9.970"
"4326","-161.486","-1.735","-161.471","9.972"
"4327","-161.311","-1.655","-161.525","9.959"
"4328","-161.289","-1.542","-161.481","9.957"
"4329","-161.408","-1.695","-161.484","9.960"
"4330","-161.502","-1.771","-161.480","9.964"
"4331","-161.462","-1.770","-161.502","9.956"
"4332","-161.454","-1.727","-161.567","9.947"
"4333","-161.512","-1.632","-161.533","9.939"
"4334","-161.511","-1.810","-161.569","9.944"
"4335","-161.499","-1.948","-161.612","9.944"
"4336","-161.332","-1.925","-161.568","9.940"
"4337","-161.335","-1.920","-161.444","9.945"
"4338","-161.403","-2.046","-161.512","9.951"
"4339","-161.032","-2.029","-161.526","9.958"
"4340","-161.406","-2.075","-161.358","9.961"
"4341","-161.561","-2.082","-161.481","9.975"
"4342","-161.637","-2.144","-161.503","9.984"
"4343","-161.262","-2.130","-161.567","9.998"
"4344","-161.446","-2.071","-161.573","9.999"
"4345","-161.293","-1.933","-161.551","9.989"
"4346","-161.453","-1.954","-161.526","9.978"
"4347","-161.493","-1.981","-161.507","9.961"
"4348","-161.663","-2.051","-161.558","9.971"
"4349","-161.492","-2.012","-161.590","9.982"
"4350","-161.749","-2.127","-161.600","9.996"
"4351","-161.418","-2.084","-161.534","9.994"
"4352","-161.599","-2.083","-161.570","9.998"
"4353","-161.562","-2.031","-161.573","10.014"
"4354","-161.439","-2.062","-161.562","10.016"
"4355","-161.674","-2.129","-161.544","10.008"
"4356","-161.757","-2.121","-161.677","9.994"
"4357","-161.655","-2.175","-161.666","9.996"
"4358","-161.636","-2.165","-161.767","9.992"
"4359","-161.581","-2.138","-161.708","9.996"
"4360","-161.744","-2.030","-161.631","9.993"
"4361","-161.584","-1.995","-161.646","10.004"
"4362","-161.602","-2.083","-161.671","10.007"
"4363","-161.518","-2.135","-161.717","10.024"
"4364","-161.564","-2.144","-161.684","10.014"
"4365","-161.753","-2.059","-161.655","10.002"
"4366","-161.832","-1.944","-161.712","9.994"
"4367","-161.443","-1.957","-161.734","9.981"
"4368","-161.260","-2.036","-161.580","9.972"
"4369","-161.227","-2.102","-161.536","9.963"
"4370","-161.452","-2.022","-161.645","9.952"
"4371","-161.419","-1.997","-161.517","9.963"
"4372","-161.273","-1.981","-161.582","9.965"
"4373","-161.705","-2.120","-161.527","9.943"
"4374","-161.737","-2.248","-161.584","9.928"
"4375","-161.500","-2.242","-161.649","9.925"
"4376","-161.329","-2.236","-161.601","9.938"
"4377","-161.223","-2.071","-161.598","9.929"
"4378","-161.390","-2.049","-161.619","9.931"
"4379","-161.423","-1.989","-161.554","9.929"
"4380","-161.745","-1.796","-161.527","9.929"
"4381","-161.498","-1.778","-161.614","9.930"
"4382","-161.595","-1.840","-161.610","9.924"
"4383","-161.536","-1.869","-161.587","9.921"
"4384","-161.790","-2.086","-161.540","9.910"
"4385","-161.507","-2.236","-161.717","9.904"
"4386","-160.990","-2.213","-161.652","9.904"
"4387","-161.713","-2.068","-161.633","9.916"
"4388","-161.214","-1.926","-161.694","9.930"
"4389","-161.414","-1.852","-161.603","9.930"
"4390","-161.707","-1.849","-161.642","9.930"
"4391","-161.332","-1.861","-161.692","9.923"
"4392","-161.462","-1.712","-161.702","9.933"
"4393","-161.531","-1.759","-161.702","9.946"
"4394","-161.523","-1.940","-161.636","9.926"
"4395","-161.377","-2.120","-161.697","9.922"
"4396","-161.634","-2.267","-161.583","9.929"
"4397","-161.659","-2.170","-161.539","9.923"
"4398","-161.644","-2.156","-161.702","9.908"
"4399","-161.633","-2.086","-161.728","9.897"
"4400","-161.713","-2.123","-161.738","9.891"
"4401","-161.548","-2.113","-161.770","9.892"
"4402","-161.610","-2.134","-161.660","9.880"
"4403","-161.616","-2.131","-161.656","9.877"
"4404","-161.441","-2.205","-161.684","9.897"
"4405","-161.353","-2.345","-161.600","9.906"
"4406","-161.603","-2.453","-161.625","9.914"
"4407","-161.734","-2.472","-161.719","9.918"
"4408","-161.558","-2.406","-161.776","9.928"
"4409","-161.925","-2.427","-161.801","9.934"
"4410","-161.896","-2.394","-161.736","9.936"
"4411","-161.793","-2.420","-161.855","9.939"
"4412","-161.657","-2.539","-161.904","9.945"
"4413","-161.577","-2.616","-161.849","9.947"
"4414","-161.394","-2.583","-161.747","9.951"
"4415","-161.739","-2.553","-161.794","9.956"
"4416","-161.317","-2.658","-161.651","9.952"
"4417","-161.585","-2.669","-161.658","9.960"
"4418","-161.962","-2.608","-161.781","9.945"
"4419","-161.918","-2.524","-161.790","9.944"
"4420","-161.819","-2.498","-161.782","9.906"
"4421","-161.781","-2.391","-161.865","9.905"
"4422","-161.708","-2.146","-161.828","9.894"
"4423","-161.624","-2.025","-161.799","9.896"
"4424","-161.747","-2.174","-161.755","9.902"
"4425","-161.634","-2.363","-161.863","9.913"
"4426","-161.815","-2.333","-161.754","9.927"
"4427","-161.629","-2.385","-161.749","9.923"
"4428","-161.650","-2.420","-161.803","9.935"
"4429","-161.657","-2.311","-161.802","9.938"
"4430","-161.664","-2.345","-161.856","9.925"
"4431","-161.586","-2.335","-161.757","9.900"
"4432","-161.505","-2.348","-161.734","9.901"
"4433","-161.679","-2.359","-161.810","9.903"
"4434","-161.569","-2.468","-161.762","9.887"
"4435","-161.681","-2.567","-161.757","9.883"
"4436","-161.898","-2.547","-161.760","9.884"
"4437","-161.592","-2.543","-161.756","9.891"
"4438","-161.453","-2.468","-161.747","9.875"
"4439","-161.638","-2.446","-161.779","9.849"
"4440","-161.524","-2.348","-161.731","9.832"
"4441","-161.713","-2.257","-161.764","9.851"
"4442","-161.679","-2.328","-161.690","9.846"
"4443","-161.849","-2.396","-161.765","9.831"
"4444","-161.474","-2.471","-161.797","9.828"
"4445","-161.833","-2.436","-161.771","9.828"
"4446","-161.796","-2.449","-161.825","9.819"
"4447","-161.661","-2.492","-161.839","9.818"
"4448","-161.762","-2.602","-161.824","9.831"
"4449","-161.729","-2.756","-161.824","9.848"
"4450","-161.819","-2.734","-161.768","9.854"
"4451","-161.658","-2.817","-161.767","9.859"
"4452","-161.755","-2.824","-161.795","9.865"
"4453","-161.874","-2.738","-161.802","9.877"
"4454","-161.826","-2.541","-161.815","9.874"
"4455","-161.880","-2.693","-161.873","9.886"
"4456","-161.872","-2.714","-161.850","9.884"
"4457","-161.788","-2.698","-161.838","9.871"
"4458","-161.739","-2.479","-161.805","9.879"
"4459","-161.655","-2.590","-161.862","9.876"
"4460","-161.210","-2.659","-161.650","9.882"
"4461","-161.635","-2.628","-161.646","9.884"
"4462","-162.052","-2.437","-161.790","9.896"
"4463","-161.750","-2.349","-161.884","9.904"
"4464","-161.866","-2.244","-161.819","9.902"
"4465","-161.680","-2.346","-161.931","9.899"
"4466","-161.857","-2.558","-161.865","9.907"
"4467","-161.693","-2.544","-161.835","9.892"
"4468","-161.743","-2.501","-161.852","9.887"
"4469","-161.934","-2.463","-161.851","9.899"
"4470","-162.133","-2.519","-161.912","9.905"
"4471","-161.773","-2.550","-161.904","9.894"
"4472","-161.881","-2.503","-161.918","9.883"
"4473","-161.691","-2.557","-161.844","9.891"
"4474","-161.323","-2.574","-161.777","9.901"
"4475","-161.857","-2.484","-161.755","9.909"
"4476","-161.751","-2.546","-161.827","9.909"
"4477","-161.666","-2.644","-161.881","9.906"
"4478","-161.909","-2.594","-161.869","9.906"
"4479","-161.985","-2.486","-161.894","9.901"
"4480","-161.872","-2.494","-161.959","9.892"
"4481","-161.602","-2.550","-161.987","9.888"
"4482","-161.532","-2.516","-161.863","9.870"
"4483","-161.727","-2.449","-161.774","9.861"
"4484","-161.941","-2.379","-161.858","9.851"
"4485","-162.039","-2.276","-161.952","9.855"
"4486","-161.773","-2.328","-161.926","9.858"
"4487","-161.984","-2.365","-161.911","9.871"
"4488","-161.914","-2.401","-161.986","9.872"
"4489","-161.760","-2.409","-161.989","9.864"
"4490","-161.836","-2.403","-161.952","9.861"
"4491","-161.981","-2.457","-161.955","9.856"
"4492","-161.885","-2.548","-161.954","9.864"
"4493","-162.012","-2.631","-161.983","9.858"
"4494","-161.953","-2.605","-161.989","9.874"
"4495","-162.134","-2.663","-161.996","9.873"
"4496","-162.299","-2.740","-162.041","9.849"
"4497","-162.186","-2.804","-162.128","9.831"
"4498","-161.823","-2.814","-162.161","9.824"
"4499","-162.048","-2.713","-162.030","9.818"
"4500","-162.295","-2.541","-162.168","9.815"
"4501","-162.207","-2.478","-162.156","9.829"
"4502","-162.166","-2.449","-162.169","9.831"
"4503","-162.139","-2.374","-162.197","9.828"
"4504","-162.415","-2.335","-162.241","9.818"
"4505","-162.465","-2.282","-162.225","9.823"
"4506","-161.853","-2.252","-162.210","9.827"
"4507","-162.009","-2.307","-162.013","9.827"
"4508","-162.063","-2.307","-162.002","9.833"
"4509","-162.103","-2.497","-162.096","9.856"
"4510","-162.200","-2.532","-162.113","9.860"
"4511","-162.436","-2.523","-162.207","9.861"
"4512","-162.410","-2.544","-162.232","9.834"
"4513","-162.271","-2.501","-162.224","9.823"
"4514","-162.299","-2.458","-162.310","9.839"
"4515","-162.386","-2.508","-162.332","9.845"
"4516","-162.277","-2.786","-162.327","9.860"
"4517","-162.069","-2.689","-162.236","9.872"
"4518","-162.246","-2.618","-162.196","9.865"
"4519","-161.980","-2.655","-162.315","9.858"
"4520","-162.194","-2.633","-162.219","9.852"
"4521","-162.241","-2.577","-162.215","9.837"
"4522","-161.953","-2.555","-162.310","9.836"
"4523","-162.138","-2.685","-162.396","9.824"
"4524","-162.138","-2.706","-162.330","9.806"
"4525","-162.231","-2.688","-162.344","9.787"
"4526","-162.332","-2.736","-162.285","9.791"
"4527","-162.314","-2.687","-162.332","9.772"
"4528","-162.229","-2.600","-162.309","9.771"
"4529","-162.232","-2.545","-162.305","9.777"
"4530","-162.337","-2.451","-162.344","9.770"
"4531","-162.391","-2.416","-162.442","9.781"
"4532","-162.321","-2.318","-162.380","9.782"
"4533","-162.386","-2.378","-162.426","9.791"
"4534","-162.371","-2.561","-162.386","9.784"
"4535","-162.516","-2.724","-162.367","9.777"
"4536","-162.439","-2.607","-162.392","9.792"
"4537","-162.584","-2.513","-162.522","9.806"
"4538","-162.293","-2.394","-162.536","9.818"
"4539","-162.372","-2.446","-162.485","9.824"
"4540","-162.393","-2.409","-162.437","9.816"
"4541","-162.498","-2.279","-162.418","9.824"
"4542","-162.661","-2.317","-162.443","9.819"
"4543","-162.457","-2.280","-162.494","9.794"
"4544","-162.519","-2.239","-162.537","9.775"
"4545","-162.551","-2.114","-162.583","9.764"
"4546","-162.608","-2.054","-162.634","9.761"
"4547","-162.550","-1.981","-162.673","9.765"
"4548","-162.720","-1.983","-162.607","9.763"
"4549","-162.469","-1.996","-162.669","9.773"
"4550","-162.759","-1.988","-162.665","9.764"
"4551","-162.868","-2.023","-162.606","9.766"
"4552","-162.736","-1.978","-162.609","9.763"
"4553","-162.652","-1.979","-162.597","9.759"
"4554","-162.673","-1.878","-162.684","9.757"
"4555","-162.557","-1.905","-162.669","9.761"
"4556","-162.633","-1.858","-162.742","9.771"
"4557","-162.662","-1.981","-162.716","9.777"
"4558","-162.429","-2.092","-162.661","9.783"
"4559","-162.399","-2.136","-162.487","9.777"
"4560","-162.668","-2.093","-162.544","9.770"
"4561","-162.772","-2.147","-162.583","9.774"
"4562","-162.768","-2.129","-162.623","9.769"
"4563","-162.655","-2.213","-162.684","9.778"
"4564","-162.814","-2.321","-162.814","9.790"
"4565","-162.639","-2.185","-162.893","9.800"
"4566","-162.889","-2.105","-162.878","9.814"
"4567","-162.573","-2.149","-162.809","9.823"
"4568","-162.601","-2.301","-162.808","9.835"
"4569","-162.812","-2.308","-162.823","9.828"
"4570","-162.902","-2.291","-162.811","9.843"
"4571","-162.960","-2.292","-162.822","9.822"
"4572","-162.730","-2.309","-162.744","9.817"
"4573","-163.100","-2.287","-162.795","9.804"
"4574","-162.932","-2.314","-162.852","9.804"
"4575","-162.844","-2.322","-162.841","9.790"
"4576","-163.117","-2.259","-162.877","9.774"
"4577","-162.742","-2.245","-162.901","9.775"
"4578","-163.097","-2.294","-162.843","9.777"
"4579","-162.944","-2.202","-163.097","9.773"
"4580","-162.824","-2.140","-163.122","9.783"
"4581","-163.173","-2.130","-163.028","9.781"
"4582","-163.107","-2.126","-163.122","9.785"
"4583","-162.994","-2.219","-163.139","9.785"
"4584","-163.142","-2.193","-162.990","9.771"
"4585","-163.076","-2.187","-162.967","9.776"
"4586","-162.789","-2.249","-162.919","9.775"
"4587","-163.064","-2.301","-162.853","9.768"
"4588","-163.049","-2.344","-162.900","9.753"
"4589","-162.987","-2.379","-162.998","9.749"
"4590","-162.755","-2.398","-163.020","9.743"
"4591","-162.885","-2.330","-162.976","9.762"
"4592","-163.063","-2.258","-162.975","9.761"
"4593","-163.073","-2.176","-163.058","9.769"
"4594","-163.170","-2.236","-163.054","9.782"
"4595","-163.119","-2.247","-163.090","9.781"
"4596","-162.835","-2.317","-163.115","9.781"
"4597","-163.074","-2.482","-163.074","9.779"
"4598","-163.194","-2.579","-163.060","9.774"
"4599","-163.172","-2.655","-163.027","9.766"
"4600","-162.848","-2.643","-163.070","9.778"
"4601","-163.066","-2.522","-163.037","9.767"
"4602","-163.134","-2.555","-163.098","9.767"
"4603","-163.017","-2.751","-163.061","9.768"
"4604","-162.799","-2.866","-163.083","9.764"
"4605","-163.031","-2.900","-163.046","9.762"
"4606","-163.325","-2.776","-162.983","9.745"
"4607","-163.216","-2.840","-163.132","9.755"
"4608","-163.009","-2.939","-163.125","9.755"
"4609","-163.353","-3.098","-163.124","9.765"
"4610","-163.277","-3.147","-163.266","9.763"
"4611","-163.156","-3.041","-163.287","9.752"
"4612","-162.865","-3.194","-163.123","9.747"
"4613","-162.915","-3.208","-163.046","9.734"
"4614","-163.202","-3.272","-163.126","9.730"
"4615","-162.726","-3.295","-163.133","9.724"
"4616","-163.129","-3.238","-163.038","9.722"
"4617","-163.190","-3.176","-163.059","9.726"
"4618","-162.604","-3.150","-163.149","9.719"
"4619","-162.953","-3.164","-163.145","9.708"
"4620","-162.771","-3.080","-163.134","9.702"
"4621","-163.137","-2.957","-163.115","9.706"
"4622","-163.086","-2.865","-163.057","9.707"
"4623","-163.278","-2.900","-163.133","9.699"
"4624","-163.304","-2.935","-163.176","9.697"
"4625","-163.205","-2.887","-163.242","9.705"
"4626","-162.921","-2.849","-163.307","9.711"
"4627","-162.823","-2.806","-163.175","9.726"
"4628","-163.440","-2.975","-163.113","9.727"
"4629","-163.302","-2.995","-163.229","9.737"
"4630","-163.105","-2.975","-163.247","9.742"
"4631","-163.247","-3.055","-163.203","9.739"
"4632","-163.392","-3.076","-163.370","9.762"
"4633","-162.912","-2.965","-163.391","9.768"
"4634","-163.162","-2.924","-163.318","9.775"
"4635","-163.325","-2.852","-163.216","9.774"
"4636","-163.383","-2.925","-163.260","9.755"
"4637","-163.245","-2.894","-163.310","9.757"
"4638","-163.463","-2.804","-163.328","9.765"
"4639","-163.440","-2.666","-163.335","9.759"
"4640","-163.796","-2.637","-163.371","9.767"
"4641","-163.298","-2.603","-163.385","9.777"
"4642","-163.090","-2.677","-163.410","9.771"
"4643","-163.533","-2.663","-163.384","9.756"
"4644","-163.522","-2.624","-163.501","9.764"
"4645","-163.221","-2.609","-163.497","9.764"
"4646","-163.649","-2.696","-163.569","9.751"
"4647","-163.594","-2.752","-163.587","9.728"
"4648","-163.707","-2.807","-163.540","9.720"
"4649","-163.125","-2.822","-163.605","9.715"
"4650","-163.405","-2.824","-163.495","9.705"
"4651","-163.720","-2.781","-163.480","9.696"
"4652","-163.800","-2.781","-163.574","9.712"
"4653","-163.530","-2.825","-163.592","9.719"
"4654","-163.643","-2.786","-163.545","9.735"
"4655","-163.545","-2.759","-163.494","9.748"
"4656","-163.487","-2.654","-163.508","9.744"
"4657","-163.708","-2.646","-163.555","9.737"
"4658","-163.882","-2.566","-163.671","9.743"
"4659","-163.536","-2.566","-163.699","9.747"
"4660","-163.597","-2.505","-163.681","9.730"
"4661","-163.477","-2.532","-163.597","9.728"
"4662","-163.608","-2.567","-163.532","9.732"
"4663","-163.645","-2.604","-163.594","9.738"
"4664","-163.641","-2.523","-163.659","9.734"
"4665","-163.720","-2.495","-163.666","9.732"
"4666","-163.396","-2.475","-163.618","9.721"
"4667","-163.574","-2.428","-163.560","9.727"
"4668","-163.450","-2.362","-163.650","9.737"
"4669","-163.795","-2.449","-163.584","9.745"
"4670","-163.703","-2.497","-163.645","9.755"
"4671","-163.863","-2.630","-163.652","9.774"
"4672","-163.735","-2.549","-163.688","9.765"
"4673","-163.811","-2.481","-163.764","9.717"
"4674","-163.633","-2.437","-163.906","9.711"
"4675","-163.786","-2.423","-163.873","9.702"
"4676","-163.681","-2.487","-163.844","9.704"
"4677","-163.600","-2.481","-163.757","9.717"
"4678","-163.807","-2.357","-163.691","9.744"
"4679","-163.963","-2.324","-163.763","9.761"
"4680","-163.680","-2.425","-163.814","9.775"
"4681","-163.578","-2.531","-163.868","9.763"
"4682","-163.716","-2.609","-163.814","9.763"
"4683","-163.657","-2.556","-163.795","9.767"
"4684","-163.573","-2.607","-163.773","9.767"
"4685","-163.541","-2.578","-163.690","9.758"
"4686","-163.701","-2.619","-163.693","9.743"
"4687","-163.704","-2.726","-163.722","9.745"
"4688","-163.700","-2.731","-163.744","9.737"
"4689","-163.805","-2.718","-163.835","9.711"
"4690","-163.794","-2.776","-163.820","9.690"
"4691","-163.743","-2.758","-163.783","9.688"
"4692","-163.394","-2.608","-163.717","9.702"
"4693","-163.466","-2.433","-163.717","9.702"
"4694","-163.462","-2.347","-163.695","9.706"
"4695","-163.575","-2.306","-163.673","9.706"
"4696","-163.716","-2.213","-163.742","9.712"
"4697","-163.512","-2.158","-163.789","9.727"
"4698","-163.647","-2.337","-163.734","9.731"
"4699","-163.733","-2.374","-163.668","9.706"
"4700","-163.588","-2.354","-163.784","9.693"
"4701","-163.660","-2.331","-163.740","9.699"
"4702","-163.384","-2.179","-163.744","9.686"
"4703","-163.777","-2.204","-163.726","9.678"
"4704","-163.744","-2.224","-163.671","9.699"
"4705","-163.754","-2.116","-163.729","9.709"
"4706","-163.616","-2.009","-163.830","9.722"
"4707","-163.641","-2.065","-163.797","9.738"
"4708","-163.597","-2.083","-163.761","9.749"
"4709","-163.641","-2.157","-163.782","9.740"
"4710","-163.658","-2.256","-163.840","9.750"
"4711","-163.785","-2.244","-163.789","9.750"
"4712","-164.000","-2.359","-163.811","9.748"
"4713","-163.792","-2.567","-163.738","9.752"
"4714","-163.607","-2.646","-163.771","9.750"
"4715","-163.774","-2.753","-163.785","9.744"
"4716","-163.705","-2.773","-163.807","9.738"
"4717","-163.650","-2.745","-163.701","9.744"
"4718","-163.977","-2.809","-163.693","9.752"
"4719","-164.038","-2.836","-163.857","9.745"
"4720","-163.758","-3.068","-163.711","9.751"
"4721","-163.773","-3.000","-163.853","9.754"
"4722","-163.682","-2.865","-163.827","9.754"
"4723","-163.852","-2.883","-163.823","9.772"
"4724","-163.957","-3.009","-163.910","9.789"
"4725","-164.044","-2.931","-163.983","9.795"
"4726","-163.877","-3.028","-163.910","9.782"
"4727","-163.968","-3.289","-163.979","9.778"
"4728","-164.080","-3.197","-163.913","9.768"
"4729","-164.033","-3.145","-163.960","9.746"
"4730","-163.545","-2.983","-164.011","9.733"
"4731","-164.090","-2.981","-163.847","9.721"
"4732","-164.065","-2.932","-163.839","9.710"
"4733","-163.748","-2.924","-163.894","9.710"
"4734","-163.897","-2.891","-164.017","9.716"
"4735","-164.064","-2.844","-164.039","9.695"
"4736","-163.853","-2.749","-164.024","9.672"
"4737","-163.911","-2.653","-164.038","9.644"
"4738","-163.987","-2.412","-164.092","9.631"
"4739","-164.081","-2.297","-164.154","9.636"
"4740","-164.020","-2.155","-164.071","9.648"
"4741","-163.769","-2.173","-164.048","9.667"
"4742","-164.132","-2.219","-164.016","9.663"
"4743","-164.172","-2.272","-164.052","9.671"
"4744","-163.877","-2.198","-163.881","9.686"
"4745","-163.790","-2.017","-164.088","9.709"
"4746","-164.160","-1.997","-163.848","9.736"
"4747","-164.186","-2.092","-164.087","9.761"
"4748","-164.251","-2.145","-164.167","9.778"
"4749","-164.065","-2.207","-164.229","9.814"
"4750","-164.203","-2.243","-164.148","9.832"
"4751","-164.304","-2.296","-164.319","9.849"
"4752","-164.239","-2.383","-164.304","9.851"
"4753","-164.006","-2.471","-164.228","9.851"
"4754","-163.955","-2.502","-164.173","9.861"
"4755","-163.795","-2.655","-164.140","9.870"
"4756","-164.234","-2.764","-164.129","9.871"
"4757","-164.158","-2.811","-164.263","9.877"
"4758","-164.259","-2.731","-164.252","9.884"
"4759","-164.197","-2.663","-164.136","9.894"
"4760","-164.204","-2.561","-164.106","9.894"
"4761","-164.095","-2.616","-164.233","9.896"
"4762","-164.167","-2.682","-164.186","9.898"
"4763","-164.145","-2.643","-164.174","9.892"
"4764","-164.011","-2.600","-164.316","9.898"
"4765","-164.203","-2.555","-164.352","9.897"
"4766","-164.271","-2.640","-164.395","9.899"
"4767","-164.115","-2.731","-164.235","9.888"
"4768","-164.020","-2.766","-164.303","9.903"
"4769","-163.998","-2.721","-164.300","9.899"
"4770","-164.332","-2.601","-164.329","9.905"
"4771","-164.470","-2.558","-164.100","9.907"
"4772","-164.470","-2.486","-164.325","9.909"
"4773","-164.383","-2.509","-164.299","9.911"
"4774","-164.371","-2.534","-164.284","9.905"
"4775","-164.473","-2.553","-164.240","9.900"
"4776","-164.473","-2.450","-163.935","9.913"
"4777","-164.454","-2.415","-164.095","9.917"
"4778","-164.578","-2.292","-164.112","9.910"
"4779","-164.447","-2.323","-164.196","9.902"
"4780","-164.203","-2.259","-164.330","9.902"
"4781","-164.148","-2.168","-164.246","9.902"
"4782","-164.326","-2.043","-164.352","9.904"
"4783","-164.152","-2.057","-164.388","9.906"
"4784","-164.173","-2.119","-164.388","9.901"
"4785","-164.075","-2.142","-164.362","9.893"
"4786","-164.278","-2.064","-164.267","9.886"
"4787","-163.591","-2.013","-164.256","9.886"
"4788","-164.248","-2.132","-164.179","9.877"
"4789","-164.139","-2.126","-164.303","9.875"
"4790","-163.881","-2.099","-164.256","9.890"
"4791","-163.972","-2.011","-164.208","9.896"
"4792","-164.102","-1.954","-164.175","9.898"
"4793","-164.280","-1.902","-164.215","9.890"
"4794","-163.982","-1.935","-164.331","9.891"
"4795","-164.039","-1.989","-164.221","9.891"
"4796","-164.214","-1.967","-164.250","9.891"
"4797","-164.373","-1.880","-164.275","9.897"
"4798","-164.289","-1.920","-164.406","9.893"
"4799","-164.595","-1.911","-164.442","9.886"
"4800","-164.474","-1.992","-164.522","9.876"
"4801","-164.634","-2.048","-164.594","9.869"
"4802","-164.896","-1.996","-164.554","9.873"
"4803","-164.866","-1.984","-164.579","9.871"
"4804","-164.335","-1.896","-164.670","9.880"
"4805","-164.423","-1.694","-164.466","9.884"
"4806","-164.783","-1.601","-164.594","9.879"
"4807","-164.557","-1.548","-164.684","9.882"
"4808","-164.277","-1.602","-164.709","9.879"
"4809","-164.738","-1.779","-164.582","9.875"
"4810","-164.436","-1.830","-164.734","9.875"
"4811","-164.632","-1.734","-164.763","9.873"
"4812","-164.698","-1.847","-164.752","9.856"
"4813","-164.640","-1.902","-164.745","9.831"
"4814","-164.890","-2.057","-164.774","9.843"
"4815","-164.665","-2.298","-164.774","9.826"
"4816","-164.392","-2.343","-164.781","9.822"
"4817","-164.461","-2.304","-164.766","9.819"
"4818","-164.573","-2.276","-164.755","9.823"
"4819","-164.824","-2.368","-164.737","9.838"
"4820","-164.984","-2.376","-164.940","9.846"
"4821","-165.227","-2.442","-164.969","9.853"
"4822","-165.009","-2.504","-164.824","9.863"
"4823","-165.172","-2.572","-164.892","9.871"
"4824","-164.594","-2.647","-165.008","9.876"
"4825","-165.117","-2.692","-164.950","9.884"
"4826","-165.371","-2.690","-165.091","9.879"
"4827","-165.026","-2.674","-165.167","9.886"
"4828","-165.239","-2.510","-165.050","9.881"
"4829","-165.265","-2.452","-165.061","9.885"
"4830","-165.156","-2.332","-165.211","9.898"
"4831","-165.211","-2.398","-165.197","9.901"
"4832","-165.218","-2.476","-165.258","9.907"
"4833","-165.156","-2.372","-165.225","9.894"
"4834","-164.955","-2.309","-165.169","9.891"
"4835","-164.900","-2.245","-165.093","9.893"
"4836","-165.059","-2.179","-165.081","9.905"
"4837","-165.187","-2.204","-165.129","9.887"
"4838","-165.344","-2.228","-165.192","9.887"
"4839","-165.395","-2.261","-165.253","9.885"
"4840","-165.300","-2.333","-165.322","9.887"
"4841","-165.289","-2.424","-165.351","9.901"
"4842","-165.256","-2.420","-165.304","9.893"
"4843","-165.623","-2.383","-165.274","9.893"
"4844","-165.742","-2.315","-165.368","9.892"
"4845","-165.539","-2.356","-165.488","9.893"
"4846","-165.725","-2.587","-165.499","9.901"
"4847","-165.550","-2.861","-165.590","9.909"
"4848","-165.568","-2.807","-165.699","9.905"
"4849","-165.789","-2.766","-165.648","9.888"
"4850","-165.873","-2.787","-165.745","9.886"
"4851","-165.586","-2.783","-165.829","9.888"
"4852","-165.554","-2.840","-165.823","9.888"
"4853","-165.466","-2.894","-165.804","9.894"
"4854","-165.672","-2.877","-165.738","9.902"
"4855","-165.767","-2.875","-165.778","9.911"
"4856","-165.880","-2.896","-165.753","9.904"
"4857","-165.876","-2.923","-165.782","9.894"
"4858","-165.865","-2.888","-165.843","9.898"
"4859","-165.847","-2.892","-165.781","9.896"
"4860","-165.625","-2.841","-165.818","9.900"
"4861","-165.865","-2.882","-165.887","9.904"
"4862","-166.098","-2.962","-165.847","9.904"
"4863","-166.010","-3.013","-165.894","9.905"
"4864","-166.033","-3.046","-165.942","9.907"
"4865","-166.207","-2.999","-165.891","9.909"
"4866","-166.013","-3.036","-165.933","9.902"
"4867","-165.930","-3.016","-166.028","9.887"
"4868","-166.268","-3.022","-166.075","9.877"
"4869","-166.330","-3.071","-166.123","9.873"
"4870","-166.269","-3.157","-166.101","9.863"
"4871","-166.221","-3.015","-166.217","9.854"
"4872","-166.159","-2.826","-166.232","9.845"
"4873","-166.032","-2.865","-166.214","9.837"
"4874","-166.253","-2.989","-166.104","9.816"
"4875","-166.344","-3.041","-166.119","9.803"
"4876","-166.264","-2.979","-166.271","9.805"
"4877","-166.181","-2.888","-166.213","9.805"
"4878","-166.504","-2.905","-166.130","9.809"
"4879","-166.540","-2.810","-166.093","9.830"
"4880","-166.583","-2.736","-166.093","9.849"
"4881","-166.329","-2.771","-166.307","9.859"
"4882","-166.565","-2.866","-166.423","9.851"
"4883","-166.362","-2.849","-166.427","9.859"
"4884","-166.638","-2.790","-166.449","9.851"
"4885","-166.430","-2.755","-166.423","9.861"
"4886","-166.361","-2.747","-166.445","9.870"
"4887","-166.321","-2.763","-166.405","9.868"
"4888","-166.507","-2.736","-166.412","9.855"
"4889","-166.444","-2.568","-166.477","9.851"
"4890","-166.313","-2.542","-166.393","9.842"
"4891","-166.669","-2.665","-166.596","9.850"
"4892","-166.560","-2.760","-166.571","9.856"
"4893","-166.629","-2.735","-166.582","9.861"
"4894","-166.346","-2.712","-166.615","9.868"
"4895","-166.506","-2.724","-166.604","9.878"
"4896","-166.531","-2.758","-166.622","9.876"
"4897","-166.804","-2.727","-166.651","9.878"
"4898","-166.702","-2.797","-166.655","9.888"
"4899","-166.673","-2.768","-166.694","9.894"
"4900","-166.691","-2.727","-166.694","9.880"
"4901","-166.680","-2.750","-166.698","9.871"
"4902","-166.771","-2.776","-166.836","9.867"
"4903","-166.574","-2.686","-166.716","9.865"
"4904","-166.726","-2.688","-166.839","9.864"
"4905","-166.693","-2.563","-166.806","9.868"
"4906","-166.726","-2.509","-166.824","9.852"
"4907","-166.871","-2.466","-166.900","9.843"
"4908","-166.871","-2.479","-166.947","9.849"
"4909","-166.845","-2.516","-166.802","9.849"
"4910","-167.121","-2.625","-166.987","9.857"
"4911","-166.682","-2.697","-166.896","9.856"
"4912","-166.863","-2.740","-166.947","9.858"
"4913","-166.565","-2.782","-167.009","9.845"
"4914","-166.910","-2.846","-166.947","9.855"
"4915","-167.172","-2.702","-166.910","9.836"
"4916","-166.405","-2.562","-166.921","9.825"
"4917","-166.601","-2.377","-166.848","9.832"
"4918","-166.993","-2.424","-166.913","9.834"
"4919","-167.044","-2.455","-167.040","9.836"
"4920","-166.728","-2.408","-167.106","9.842"
"4921","-166.702","-2.500","-167.058","9.846"
"4922","-166.681","-2.601","-166.935","9.844"
"4923","-166.764","-2.585","-166.859","9.838"
"4924","-166.862","-2.463","-166.877","9.836"
"4925","-166.670","-2.393","-166.917","9.830"
"4926","-166.771","-2.447","-166.768","9.802"
"4927","-166.797","-2.535","-166.844","9.815"
"4928","-166.815","-2.589","-166.873","9.813"
"4929","-166.815","-2.566","-166.891","9.819"
"4930","-166.706","-2.546","-166.895","9.815"
"4931","-166.640","-2.572","-166.865","9.815"
"4932","-166.484","-2.599","-166.822","9.823"
"4933","-166.371","-2.605","-166.659","9.834"
"4934","-166.506","-2.597","-166.666","9.834"
"4935","-166.437","-2.492","-166.706","9.829"
"4936","-166.502","-2.461","-166.713","9.819"
"4937","-166.549","-2.587","-166.734","9.816"
"4938","-166.581","-2.597","-166.654","9.820"
"4939","-166.418","-2.723","-166.734","9.831"
"4940","-166.382","-2.752","-166.723","9.827"
"4941","-166.454","-2.791","-166.647","9.833"
"4942","-166.464","-2.867","-166.530","9.833"
"4943","-166.202","-2.874","-166.533","9.833"
"4944","-166.159","-2.935","-166.378","9.839"
"4945","-166.436","-2.999","-166.214","9.843"
"4946","-166.309","-3.110","-166.469","9.831"
"4947","-166.312","-3.316","-166.516","9.825"
"4948","-166.236","-3.301","-166.494","9.839"
"4949","-166.283","-3.209","-166.465","9.848"
"4950","-166.457","-3.147","-166.505","9.852"
"4951","-166.512","-3.080","-166.515","9.860"
"4952","-166.479","-3.022","-166.588","9.860"
"4953","-166.438","-2.932","-166.584","9.866"
"4954","-166.344","-2.648","-166.591","9.872"
"4955","-166.351","-2.541","-166.566","9.868"
"4956","-166.518","-2.627","-166.464","9.864"
"4957","-166.558","-2.644","-166.423","9.872"
"4958","-166.524","-2.587","-166.481","9.857"
"4959","-166.583","-2.755","-166.492","9.838"
"4960","-166.406","-2.767","-166.522","9.834"
"4961","-166.457","-2.672","-166.504","9.841"
"4962","-166.537","-2.676","-166.573","9.845"
"4963","-166.646","-2.728","-166.570","9.851"
"4964","-166.685","-2.833","-166.580","9.866"
"4965","-166.728","-2.798","-166.743","9.866"
"4966","-166.401","-2.827","-166.718","9.874"
"4967","-166.815","-2.755","-166.717","9.889"
"4968","-167.062","-2.758","-166.680","9.897"
"4969","-166.981","-2.733","-166.629","9.898"
"4970","-166.806","-2.682","-166.661","9.894"
"4971","-166.970","-2.750","-166.752","9.904"
"4972","-167.091","-2.690","-166.803","9.907"
"4973","-166.753","-2.517","-166.774","9.905"
"4974","-167.112","-2.523","-166.792","9.899"
"4975","-167.068","-2.470","-166.956","9.892"
"4976","-166.811","-2.484","-167.047","9.886"
"4977","-167.008","-2.486","-167.081","9.859"
"4978","-167.277","-2.547","-167.139","9.857"
"4979","-167.389","-2.673","-167.305","9.852"
"4980","-167.520","-2.747","-167.258","9.842"
"4981","-167.356","-2.789","-167.240","9.842"
"4982","-167.393","-2.704","-167.298","9.838"
"4983","-167.480","-2.556","-167.360","9.831"
"4984","-167.345","-2.616","-167.370","9.837"
"4985","-167.149","-2.698","-167.338","9.842"
"4986","-167.538","-2.774","-167.319","9.838"
"4987","-167.377","-2.774","-167.345","9.846"
"4988","-167.410","-2.960","-167.330","9.850"
"4989","-167.468","-2.966","-167.326","9.848"
"4990","-167.890","-2.921","-167.337","9.848"
"4991","-167.591","-2.950","-167.424","9.844"
"4992","-167.661","-2.916","-167.555","9.839"
"4993","-167.573","-2.876","-167.584","9.833"
"4994","-167.552","-2.898","-167.599","9.837"
"4995","-167.926","-2.968","-167.668","9.835"
"4996","-168.140","-3.071","-167.722","9.827"
"4997","-167.951","-3.256","-167.831","9.831"
"4998","-168.267","-3.254","-167.908","9.829"
"4999","-167.951","-3.018","-167.878","9.841"
"5000","-167.918","-2.970","-168.020","9.845"
"5001","-168.027","-2.939","-167.994","9.843"
"5002","-168.187","-2.843","-167.940","9.845"
"5003","-168.275","-2.839","-167.984","9.852"
"5004","-168.158","-2.795","-168.114","9.848"
"5005","-168.263","-2.830","-168.194","9.856"
"5006","-168.100","-2.991","-168.231","9.831"
"5007","-168.249","-2.981","-168.285","9.832"
"5008","-168.085","-2.880","-168.063","9.841"
"5009","-168.194","-2.835","-168.041","9.847"
"5010","-167.743","-2.785","-168.223","9.853"
"5011","-168.481","-2.786","-168.172","9.853"
"5012","-168.408","-2.703","-168.110","9.824"
"5013","-168.226","-2.632","-168.298","9.798"
"5014","-168.665","-2.523","-168.327","9.775"
"5015","-168.146","-2.434","-168.407","9.767"
"5016","-168.640","-2.395","-168.404","9.762"
"5017","-168.440","-2.478","-168.505","9.760"
"5018","-168.581","-2.455","-168.480","9.771"
"5019","-168.799","-2.574","-168.589","9.764"
"5020","-168.850","-2.696","-168.712","9.770"
"5021","-168.759","-2.700","-168.621","9.779"
"5022","-168.879","-2.698","-168.671","9.781"
"5023","-169.024","-2.626","-168.806","9.782"
"5024","-168.769","-2.676","-168.871","9.797"
"5025","-168.918","-2.820","-168.783","9.799"
"5026","-168.729","-2.805","-168.911","9.804"
"5027","-168.980","-2.793","-169.053","9.818"
"5028","-169.085","-2.814","-169.125","9.816"
"5029","-169.001","-2.956","-169.067","9.822"
"5030","-169.063","-2.896","-169.143","9.822"
"5031","-169.422","-2.827","-169.142","9.805"
"5032","-169.378","-2.845","-169.269","9.826"
"5033","-169.276","-2.987","-169.346","9.826"
"5034","-169.229","-2.985","-169.403","9.811"
"5035","-169.578","-2.953","-169.301","9.805"
"5036","-169.341","-2.974","-169.297","9.796"
"5037","-169.835","-2.982","-169.308","9.785"
"5038","-169.668","-2.918","-169.384","9.770"
"5039","-169.664","-2.859","-169.485","9.757"
"5040","-169.460","-2.917","-169.507","9.751"
"5041","-169.740","-2.846","-169.482","9.734"
"5042","-169.907","-2.741","-169.507","9.726"
"5043","-169.489","-2.723","-169.569","9.715"
"5044","-169.453","-2.692","-169.627","9.730"
"5045","-169.540","-2.721","-169.537","9.747"
"5046","-169.820","-2.809","-169.584","9.747"
"5047","-169.878","-2.894","-169.685","9.741"
"5048","-169.933","-2.881","-169.827","9.736"
"5049","-169.918","-2.898","-169.827","9.747"
"5050","-170.126","-2.950","-169.772","9.749"
"5051","-170.063","-2.867","-169.928","9.763"
"5052","-170.161","-2.775","-170.001","9.767"
"5053","-169.982","-2.727","-169.953","9.776"
"5054","-170.157","-2.752","-169.951","9.788"
"5055","-170.094","-2.839","-170.137","9.788"
"5056","-169.789","-2.963","-170.113","9.776"
"5057","-170.023","-2.967","-170.028","9.750"
"5058","-170.136","-2.893","-170.066","9.725"
"5059","-169.873","-2.819","-170.199","9.697"
"5060","-170.425","-2.784","-170.210","9.702"
"5061","-170.682","-2.875","-170.249","9.701"
"5062","-170.276","-2.926","-170.412","9.703"
"5063","-170.249","-3.000","-170.287","9.699"
"5064","-170.201","-2.957","-170.389","9.689"
"5065","-170.408","-2.885","-170.330","9.686"
"5066","-170.521","-2.850","-170.372","9.690"
"5067","-170.626","-2.853","-170.446","9.688"
"5068","-170.415","-2.799","-170.610","9.686"
"5069","-170.192","-2.799","-170.582","9.688"
"5070","-170.368","-2.822","-170.532","9.683"
"5071","-170.007","-2.910","-170.524","9.681"
"5072","-170.500","-3.018","-170.532","9.688"
"5073","-170.933","-2.921","-170.699","9.688"
"5074","-170.773","-2.890","-170.715","9.702"
"5075","-170.991","-2.979","-170.777","9.713"
"5076","-170.617","-2.933","-170.862","9.717"
"5077","-170.807","-2.874","-170.932","9.729"
"5078","-170.561","-2.915","-170.948","9.723"
"5079","-170.569","-2.800","-170.838","9.720"
"5080","-170.728","-2.700","-170.732","9.733"
"5081","-170.935","-2.739","-170.947","9.745"
"5082","-171.185","-2.673","-170.932","9.731"
"5083","-171.021","-2.741","-171.068","9.725"
"5084","-171.240","-2.691","-171.115","9.737"
"5085","-171.232","-2.708","-171.134","9.735"
"5086","-171.493","-2.852","-171.189","9.750"
"5087","-171.294","-2.936","-171.259","9.747"
"5088","-171.200","-2.883","-171.239","9.752"
"5089","-171.317","-2.887","-171.212","9.749"
"5090","-171.648","-2.904","-171.286","9.735"
"5091","-171.305","-2.953","-171.497","9.749"
"5092","-171.559","-2.811","-171.524","9.758"
"5093","-171.640","-2.774","-171.484","9.758"
"5094","-171.675","-2.742","-171.527","9.764"
"5095","-171.867","-2.735","-171.675","9.745"
"5096","-171.079","-2.793","-171.789","9.728"
"5097","-171.320","-2.939","-171.730","9.736"
"5098","-171.449","-2.945","-171.617","9.722"
"5099","-171.808","-2.923","-171.702","9.718"
"5100","-172.049","-2.773","-171.811","9.724"
"5101","-171.713","-2.816","-171.807","9.727"
"5102","-171.795","-2.863","-171.838","9.734"
"5103","-171.655","-2.974","-171.811","9.736"
"5104","-171.537","-3.026","-171.888","9.755"
"5105","-171.740","-2.890","-171.849","9.756"
"5106","-172.302","-2.816","-171.951","9.763"
"5107","-171.838","-2.707","-172.107","9.752"
"5108","-171.701","-2.658","-171.892","9.748"
"5109","-172.068","-2.691","-171.885","9.750"
"5110","-172.215","-2.584","-171.907","9.731"
"5111","-172.192","-2.564","-172.059","9.727"
"5112","-172.262","-2.666","-172.274","9.716"
"5113","-172.305","-2.796","-172.309","9.717"
"5114","-172.060","-2.804","-172.337","9.717"
"5115","-172.383","-2.817","-172.301","9.704"
"5116","-172.203","-2.944","-172.414","9.703"
"5117","-172.133","-2.948","-172.410","9.699"
"5118","-172.004","-2.897","-172.328","9.695"
"5119","-172.562","-3.058","-172.277","9.710"
"5120","-172.301","-3.105","-172.379","9.712"
"5121","-172.504","-3.123","-172.535","9.697"
"5122","-171.993","-3.265","-172.547","9.672"
"5123","-172.266","-3.224","-172.442","9.674"
"5124","-172.578","-3.123","-172.535","9.661"
"5125","-172.387","-3.189","-172.695","9.672"
"5126","-172.418","-3.092","-172.753","9.672"
"5127","-172.313","-3.060","-172.769","9.674"
"5128","-172.625","-3.158","-172.562","9.680"
"5129","-172.297","-3.181","-172.585","9.676"
"5130","-172.460","-3.154","-172.679","9.672"
"5131","-172.803","-3.142","-172.784","9.678"
"5132","-172.893","-3.144","-172.780","9.686"
"5133","-172.982","-3.120","-172.822","9.673"
"5134","-172.417","-3.233","-172.846","9.665"
"5135","-172.850","-3.264","-172.920","9.661"
"5136","-171.835","-3.262","-172.920","9.659"
"5137","-172.725","-3.256","-172.830","9.648"
"5138","-172.853","-3.178","-172.869","9.650"
"5139","-171.859","-3.192","-172.845","9.648"
"5140","-172.822","-3.145","-172.818","9.650"
"5141","-172.880","-2.986","-172.861","9.648"
"5142","-173.009","-2.809","-172.849","9.640"
"5143","-172.951","-2.842","-172.811","9.631"
"5144","-173.161","-2.768","-172.958","9.621"
"5145","-173.009","-2.717","-173.122","9.618"
"5146","-172.751","-2.783","-172.997","9.610"
"5147","-172.782","-2.872","-172.786","9.601"
"5148","-172.653","-2.895","-172.965","9.613"
"5149","-172.645","-2.841","-173.093","9.620"
"5150","-172.551","-2.975","-172.914","9.630"
"5151","-172.625","-3.006","-172.930","9.639"
"5152","-173.004","-2.971","-172.836","9.649"
"5153","-173.067","-2.973","-173.121","9.650"
"5154","-172.528","-3.010","-172.918","9.656"
"5155","-173.054","-2.950","-173.070","9.668"
"5156","-172.960","-3.049","-173.058","9.678"
"5157","-173.051","-3.111","-173.035","9.674"
"5158","-172.930","-3.125","-172.985","9.654"
"5159","-172.848","-3.139","-173.051","9.649"
"5160","-172.996","-3.038","-173.129","9.651"
"5161","-172.922","-3.133","-173.051","9.647"
"5162","-172.957","-3.251","-173.062","9.645"
"5163","-172.703","-3.205","-173.140","9.641"
"5164","-171.712","-3.193","-173.124","9.657"
"5165","-172.667","-3.200","-172.956","9.659"
"5166","-172.945","-3.210","-173.085","9.653"
"5167","-172.657","-3.034","-173.121","9.632"
"5168","-172.812","-2.788","-172.878","9.638"
"5169","-172.983","-2.920","-173.061","9.644"
"5170","-172.889","-3.033","-173.143","9.642"
"5171","-173.037","-3.048","-173.092","9.638"
"5172","-172.991","-3.187","-173.096","9.649"
"5173","-172.901","-3.290","-173.104","9.651"
"5174","-172.905","-3.373","-173.108","9.644"
"5175","-172.714","-3.356","-173.159","9.636"
"5176","-173.053","-3.356","-173.158","9.636"
"5177","-172.624","-3.309","-173.201","9.623"
"5178","-173.053","-3.323","-173.065","9.621"
"5179","-172.636","-3.404","-173.264","9.619"
"5180","-172.866","-3.546","-172.866","9.619"
"5181","-172.725","-3.511","-173.096","9.628"
"5182","-172.827","-3.461","-173.096","9.627"
"5183","-173.119","-3.447","-173.232","9.621"
"5184","-173.146","-3.356","-173.306","9.619"
"5185","-172.971","-3.334","-173.302","9.604"
"5186","-172.775","-3.344","-173.247","9.577"
"5187","-173.060","-3.182","-172.990","9.576"
"5188","-173.240","-3.155","-173.193","9.587"
"5189","-173.052","-3.215","-173.232","9.600"
"5190","-172.904","-3.149","-173.170","9.612"
"5191","-172.503","-3.194","-173.349","9.623"
"5192","-172.971","-3.268","-173.228","9.613"
"5193","-173.131","-3.398","-173.291","9.606"
"5194","-173.302","-3.499","-173.271","9.594"
"5195","-172.631","-3.437","-173.337","9.593"
"5196","-173.267","-3.336","-173.208","9.595"
"5197","-173.071","-3.081","-173.364","9.606"
"5198","-173.262","-3.137","-173.430","9.604"
"5199","-173.383","-3.129","-173.395","9.610"
"5200","-173.485","-3.254","-173.340","9.635"
"5201","-173.621","-3.365","-173.360","9.643"
"5202","-173.227","-3.421","-173.489","9.635"
"5203","-173.060","-3.417","-173.536","9.623"
"5204","-173.372","-3.427","-173.138","9.600"
"5205","-173.427","-3.313","-173.450","9.613"
"5206","-173.411","-3.241","-173.630","9.617"
"5207","-173.212","-3.237","-173.610","9.621"
"5208","-173.232","-3.317","-173.368","9.617"
"5209","-173.403","-3.330","-173.536","9.608"
"5210","-173.212","-3.244","-173.637","9.608"
"5211","-173.286","-3.130","-173.684","9.616"
"5212","-173.290","-3.186","-173.610","9.625"
"5213","-172.413","-3.268","-173.598","9.623"
"5214","-173.357","-3.462","-173.384","9.619"
"5215","-173.376","-3.571","-173.614","9.625"
"5216","-173.318","-3.622","-173.614","9.629"
"5217","-173.119","-3.663","-173.552","9.644"
"5218","-173.700","-3.608","-173.692","9.640"
"5219","-173.676","-3.564","-173.829","9.635"
"5220","-173.399","-3.558","-173.762","9.636"
"5221","-171.999","-3.633","-173.403","9.623"
"5222","-172.506","-3.649","-173.263","9.627"
"5223","-172.908","-3.703","-173.547","9.623"
"5224","-173.118","-3.845","-173.547","9.620"
"5225","-173.114","-3.867","-173.621","9.627"
"5226","-173.075","-3.878","-173.586","9.637"
"5227","-173.317","-3.956","-173.699","9.645"
"5228","-173.824","-3.888","-173.695","9.639"
"5229","-173.640","-3.913","-173.722","9.624"
"5230","-173.051","-3.845","-173.691","9.612"
"5231","-173.332","-4.030","-173.465","9.625"
"5232","-173.730","-4.162","-173.605","9.627"
"5233","-173.348","-4.153","-173.750","9.631"
"5234","-173.333","-4.090","-173.719","9.644"
"5235","-173.149","-3.997","-173.742","9.652"
"5236","-172.848","-3.911","-173.347","9.662"
"5237","-173.230","-3.958","-173.441","9.668"
"5238","-173.277","-4.030","-173.507","9.673"
"5239","-173.191","-4.006","-173.499","9.647"
"5240","-173.604","-4.057","-173.604","9.645"
"5241","-172.922","-4.000","-173.601","9.643"
"5242","-173.550","-3.995","-173.605","9.630"
"5243","-172.984","-3.975","-173.542","9.624"
"5244","-173.491","-3.779","-173.347","9.624"
"5245","-173.409","-3.520","-173.643","9.611"
"5246","-173.265","-3.485","-173.596","9.618"
"5247","-173.316","-3.617","-173.581","9.618"
"5248","-173.468","-3.716","-173.737","9.616"
"5249","-173.542","-3.683","-173.581","9.596"
"5250","-173.082","-3.594","-173.460","9.578"
"5251","-173.390","-3.491","-173.573","9.559"
"5252","-173.316","-3.411","-173.655","9.563"
"5253","-173.195","-3.526","-173.562","9.576"
"5254","-173.230","-3.537","-173.472","9.567"
"5255","-173.620","-3.514","-173.495","9.552"
"5256","-173.569","-3.432","-173.749","9.538"
"5257","-173.557","-3.329","-173.733","9.529"
"5258","-173.015","-3.327","-173.678","9.518"
"5259","-173.132","-3.403","-173.643","9.525"
"5260","-172.969","-3.300","-173.639","9.529"
"5261","-173.199","-3.131","-173.667","9.527"
"5262","-173.085","-3.041","-173.647","9.527"
"5263","-173.631","-3.008","-173.694","9.539"
"5264","-173.631","-3.016","-173.803","9.539"
"5265","-173.265","-3.036","-173.597","9.544"
"5266","-173.374","-3.000","-173.511","9.552"
"5267","-173.713","-3.127","-173.647","9.565"
"5268","-172.937","-3.210","-173.733","9.567"
"5269","-173.350","-3.329","-173.557","9.582"
"5270","-173.433","-3.345","-173.581","9.575"
"5271","-173.370","-3.320","-173.612","9.582"
"5272","-173.468","-3.349","-173.636","9.586"
"5273","-173.444","-3.386","-173.714","9.578"
"5274","-173.284","-3.356","-173.690","9.582"
"5275","-173.280","-3.321","-173.608","9.575"
"5276","-173.487","-3.467","-173.628","9.592"
"5277","-173.413","-3.545","-173.679","9.592"
"5278","-173.511","-3.467","-173.624","9.588"
"5279","-173.413","-3.407","-173.569","9.592"
"5280","-173.472","-3.337","-173.671","9.607"
"5281","-173.277","-3.197","-173.585","9.607"
"5282","-173.522","-3.212","-173.764","9.594"
"5283","-173.678","-3.179","-173.666","9.594"
"5284","-173.807","-3.129","-173.674","9.590"
"5285","-173.249","-3.105","-173.732","9.596"
"5286","-173.729","-3.197","-173.468","9.601"
"5287","-173.687","-3.287","-173.886","9.603"
"5288","-173.608","-3.442","-173.830","9.607"
"5289","-173.350","-3.576","-173.849","9.611"
"5290","-173.557","-3.648","-173.787","9.598"
"5291","-173.526","-3.666","-173.792","9.626"
"5292","-173.664","-3.512","-173.714","9.628"
"5293","-173.605","-3.485","-173.820","9.637"
"5294","-173.184","-3.400","-173.695","9.641"
"5295","-173.297","-3.301","-173.738","9.643"
"5296","-173.344","-3.236","-173.695","9.637"
"5297","-173.169","-3.320","-173.547","9.627"
"5298","-173.220","-3.347","-173.485","9.614"
"5299","-173.629","-3.425","-173.770","9.625"
"5300","-173.898","-3.526","-173.910","9.635"
"5301","-173.679","-3.441","-173.910","9.637"
"5302","-173.590","-3.377","-173.883","9.608"
"5303","-173.583","-3.297","-173.922","9.600"
"5304","-173.399","-3.128","-173.824","9.610"
"5305","-173.106","-3.044","-173.847","9.625"
"5306","-172.981","-3.061","-173.917","9.618"
"5307","-173.504","-3.021","-173.684","9.597"
"5308","-173.220","-2.990","-173.634","9.591"
"5309","-173.341","-3.070","-173.540","9.581"
"5310","-173.551","-3.116","-173.824","9.568"
"5311","-173.450","-3.169","-173.879","9.560"
"5312","-173.217","-3.210","-173.693","9.556"
"5313","-173.474","-3.221","-173.919","9.564"
"5314","-173.536","-3.338","-173.895","9.566"
"5315","-173.178","-3.375","-173.845","9.579"
"5316","-173.584","-3.513","-173.759","9.573"
"5317","-173.701","-3.593","-173.853","9.577"
"5318","-173.850","-3.728","-173.955","9.592"
"5319","-173.865","-3.755","-173.955","9.582"
"5320","-173.819","-3.724","-173.865","9.580"
"5321","-173.534","-3.685","-173.951","9.578"
"5322","-173.710","-3.623","-173.905","9.584"
"5323","-173.729","-3.603","-173.901","9.582"
"5324","-173.522","-3.594","-173.932","9.580"
"5325","-173.631","-3.578","-173.979","9.582"
"5326","-172.836","-3.611","-174.064","9.582"
"5327","-173.721","-3.652","-174.002","9.584"
"5328","-173.678","-3.636","-174.064","9.594"
"5329","-173.753","-3.557","-173.916","9.595"
"5330","-173.741","-3.541","-173.881","9.601"
"5331","-173.870","-3.514","-173.913","9.601"
"5332","-173.858","-3.646","-174.065","9.601"
"5333","-173.792","-3.644","-174.049","9.590"
"5334","-173.772","-3.714","-174.026","9.595"
"5335","-173.511","-3.681","-173.998","9.590"
"5336","-173.569","-3.568","-173.565","9.592"
"5337","-173.932","-3.372","-173.901","9.582"
"5338","-173.811","-3.298","-174.029","9.569"
"5339","-173.475","-3.481","-174.014","9.567"
"5340","-173.788","-3.582","-173.796","9.565"
"5341","-173.609","-3.565","-174.014","9.567"
"5342","-173.375","-3.429","-174.014","9.561"
"5343","-173.757","-3.269","-174.045","9.552"
"5344","-173.433","-3.154","-174.065","9.544"
"5345","-173.885","-3.127","-174.053","9.550"
"5346","-173.859","-3.320","-174.065","9.563"
"5347","-173.336","-3.367","-174.124","9.559"
"5348","-173.660","-3.419","-173.960","9.559"
"5349","-173.605","-3.401","-174.069","9.548"
"5350","-173.426","-3.419","-174.089","9.544"
"5351","-173.593","-3.487","-174.011","9.570"
"5352","-173.507","-3.625","-174.053","9.584"
"5353","-173.292","-3.720","-173.956","9.590"
"5354","-173.317","-3.754","-174.066","9.589"
"5355","-173.746","-3.770","-174.074","9.595"
"5356","-173.411","-3.764","-173.922","9.597"
"5357","-173.656","-3.654","-174.062","9.580"
"5358","-173.866","-3.590","-174.104","9.569"
"5359","-173.645","-3.406","-173.976","9.568"
"5360","-173.852","-3.297","-173.996","9.570"
"5361","-173.544","-3.437","-174.105","9.579"
"5362","-173.899","-3.515","-173.985","9.591"
"5363","-173.715","-3.435","-174.031","9.603"
"5364","-173.828","-3.345","-173.999","9.599"
"5365","-173.879","-3.322","-173.886","9.597"
"5366","-173.750","-3.279","-174.070","9.604"
"5367","-173.727","-3.215","-173.871","9.612"
"5368","-173.622","-3.330","-173.891","9.619"
"5369","-173.679","-3.444","-173.882","9.622"
"5370","-173.972","-3.602","-173.914","9.618"
"5371","-173.856","-3.692","-174.133","9.608"
"5372","-173.665","-3.676","-174.098","9.600"
"5373","-173.512","-3.686","-174.070","9.589"
"5374","-173.508","-3.721","-173.941","9.572"
"5375","-173.590","-3.665","-173.801","9.553"
"5376","-173.906","-3.604","-173.847","9.541"
"5377","-173.696","-3.631","-173.984","9.532"
"5378","-173.473","-3.696","-173.610","9.526"
"5379","-173.465","-3.571","-173.765","9.534"
"5380","-173.894","-3.460","-173.855","9.538"
"5381","-174.035","-3.396","-173.996","9.549"
"5382","-173.696","-3.431","-173.976","9.551"
"5383","-173.828","-3.419","-173.894","9.560"
"5384","-173.871","-3.450","-173.929","9.538"
"5385","-173.933","-3.513","-173.984","9.538"
"5386","-173.840","-3.563","-174.066","9.534"
"5387","-173.754","-3.557","-174.011","9.528"
"5388","-173.883","-3.472","-173.985","9.524"
"5389","-173.910","-3.542","-174.074","9.515"
"5390","-173.972","-3.565","-174.031","9.520"
"5391","-173.875","-3.713","-174.136","9.530"
"5392","-173.715","-3.733","-174.109","9.539"
"5393","-173.579","-3.651","-174.148","9.537"
"5394","-173.864","-3.519","-174.102","9.534"
"5395","-173.872","-3.484","-174.090","9.522"
"5396","-173.961","-3.579","-174.188","9.532"
"5397","-173.973","-3.637","-174.156","9.534"
"5398","-173.992","-3.713","-174.078","9.538"
"5399","-174.055","-3.628","-174.125","9.528"
"5400","-174.027","-3.534","-174.105","9.518"
"5401","-173.930","-3.476","-174.137","9.515"
"5402","-173.817","-3.495","-174.168","9.515"
"5403","-173.812","-3.472","-174.031","9.511"
"5404","-173.703","-3.443","-174.066","9.490"
"5405","-173.680","-3.439","-174.156","9.484"
"5406","-173.979","-3.431","-174.163","9.468"
"5407","-173.917","-3.432","-174.194","9.451"
"5408","-173.847","-3.487","-174.050","9.458"
"5409","-173.976","-3.316","-174.105","9.475"
"5410","-173.664","-3.279","-174.132","9.475"
"5411","-173.859","-3.314","-174.066","9.475"
"5412","-174.016","-3.254","-174.211","9.477"
"5413","-174.152","-3.132","-174.218","9.482"
"5414","-173.946","-3.270","-174.242","9.495"
"5415","-172.830","-3.365","-174.008","9.499"
"5416","-173.501","-3.513","-173.813","9.498"
"5417","-173.774","-3.661","-174.031","9.492"
"5418","-173.903","-3.638","-174.094","9.490"
"5419","-173.973","-3.675","-174.009","9.493"
"5420","-173.748","-3.722","-174.075","9.503"
"5421","-173.712","-3.718","-174.005","9.507"
"5422","-173.871","-3.684","-174.055","9.505"
"5423","-173.996","-3.558","-174.187","9.505"
"5424","-173.993","-3.591","-174.137","9.499"
"5425","-174.009","-3.609","-174.052","9.489"
"5426","-173.985","-3.552","-174.164","9.495"
"5427","-173.969","-3.536","-174.133","9.501"
"5428","-173.884","-3.644","-174.075","9.495"
"5429","-173.857","-3.768","-174.009","9.493"
"5430","-173.881","-3.864","-174.005","9.482"
"5431","-173.830","-3.922","-173.939","9.493"
"5432","-173.908","-3.895","-173.970","9.508"
"5433","-173.834","-3.897","-174.060","9.506"
"5434","-174.025","-3.856","-173.990","9.516"
"5435","-173.982","-3.946","-174.165","9.510"
"5436","-173.861","-4.010","-174.173","9.508"
"5437","-173.717","-3.985","-174.099","9.517"
"5438","-173.752","-3.839","-173.916","9.518"
"5439","-173.572","-3.716","-174.009","9.518"
"5440","-173.681","-3.770","-173.864","9.510"
"5441","-174.025","-3.866","-174.006","9.512"
"5442","-173.920","-3.950","-174.181","9.512"
"5443","-173.818","-4.056","-174.045","9.514"
"5444","-173.725","-4.181","-174.029","9.502"
"5445","-173.897","-4.232","-174.108","9.491"
"5446","-173.402","-4.148","-174.123","9.502"
"5447","-173.472","-4.092","-174.088","9.496"
"5448","-173.878","-4.211","-173.999","9.494"
"5449","-173.944","-4.343","-174.026","9.496"
"5450","-173.874","-4.133","-174.128","9.496"
"5451","-173.940","-4.028","-174.089","9.498"
"5452","-173.928","-3.882","-174.143","9.506"
"5453","-173.897","-3.936","-174.170","9.514"
"5454","-173.686","-3.928","-174.182","9.514"
"5455","-173.663","-3.876","-173.971","9.517"
"5456","-173.605","-3.798","-173.913","9.529"
"5457","-173.679","-3.781","-174.022","9.534"
"5458","-173.780","-3.705","-173.991","9.532"
"5459","-173.695","-3.567","-174.147","9.517"
"5460","-173.859","-3.526","-174.061","9.511"
"5461","-173.776","-3.520","-174.155","9.519"
"5462","-173.913","-3.475","-174.100","9.519"
"5463","-174.011","-3.392","-174.101","9.517"
"5464","-173.754","-3.367","-174.124","9.511"
"5465","-173.574","-3.337","-174.109","9.513"
"5466","-173.293","-3.271","-174.066","9.505"
"5467","-173.156","-3.238","-173.980","9.492"
"5468","-173.621","-3.211","-174.065","9.498"
"5469","-173.964","-3.271","-174.116","9.513"
"5470","-173.754","-3.380","-174.183","9.507"
"5471","-173.278","-3.437","-174.160","9.496"
"5472","-173.558","-3.436","-174.124","9.490"
"5473","-173.534","-3.380","-173.999","9.496"
"5474","-173.621","-3.450","-174.093","9.504"
"5475","-173.582","-3.699","-174.034","9.523"
"5476","-173.914","-3.803","-173.965","9.524"
"5477","-173.594","-3.744","-173.984","9.524"
"5478","-173.641","-3.740","-173.984","9.526"
"5479","-173.844","-3.772","-174.078","9.539"
"5480","-173.184","-3.709","-174.113","9.549"
"5481","-173.871","-3.842","-173.930","9.568"
"5482","-173.438","-3.908","-173.988","9.593"
"5483","-173.731","-3.951","-174.027","9.627"
"5484","-173.688","-4.007","-174.039","9.663"
"5485","-173.750","-4.019","-174.043","9.700"
"5486","-173.687","-4.124","-174.097","9.743"
"5487","-173.656","-4.104","-174.257","9.789"
"5488","-173.996","-4.067","-174.183","9.818"
"5489","-173.360","-4.096","-174.039","9.839"
"5490","-173.883","-4.100","-174.027","9.864"
"5491","-174.019","-4.096","-174.078","9.902"
"5492","-173.953","-4.209","-174.164","9.945"
"5493","-174.140","-4.281","-174.109","9.991"
"5494","-174.156","-4.184","-174.183","10.042"
"5495","-173.876","-4.079","-174.172","10.099"
"5496","-173.649","-3.943","-173.993","10.153"
"5497","-173.672","-3.795","-173.914","10.206"
"5498","-173.934","-3.672","-174.008","10.262"
"5499","-173.985","-3.579","-174.075","10.335"
"5500","-173.985","-3.609","-174.125","10.409"
"5501","-174.109","-3.602","-174.016","10.469"
"5502","-174.054","-3.579","-174.136","10.548"
"5503","-174.082","-3.663","-174.226","10.617"
"5504","-174.046","-3.752","-174.229","10.688"
"5505","-173.902","-3.732","-174.147","10.768"
"5506","-173.965","-3.665","-174.183","10.846"
"5507","-174.013","-3.443","-174.110","10.906"
"5508","-173.919","-3.299","-174.110","10.986"
"5509","-173.248","-3.101","-174.114","11.053"
"5510","-173.927","-3.076","-173.966","11.139"
"5511","-174.063","-3.013","-174.059","11.227"
"5512","-173.790","-3.163","-174.195","11.330"
"5513","-173.560","-3.323","-174.126","11.434"
"5514","-173.420","-3.461","-173.923","11.531"
"5515","-173.576","-3.599","-174.138","11.643"
"5516","-173.861","-3.640","-174.286","11.761"
"5517","-173.946","-3.616","-173.818","11.854"
"5518","-173.973","-3.566","-173.958","11.957"
"5519","-173.369","-3.527","-174.145","12.067"
"5520","-173.970","-3.652","-173.853","12.164"
"5521","-174.048","-3.669","-173.990","12.263"
"5522","-173.752","-3.593","-174.033","12.379"
"5523","-173.455","-3.535","-173.955","12.493"
"5524","-173.791","-3.440","-173.873","12.620"
"5525","-173.837","-3.469","-173.873","12.721"
"5526","-173.865","-3.525","-174.032","12.831"
"5527","-173.482","-3.543","-174.071","12.947"
"5528","-173.755","-3.435","-174.009","13.049"
"5529","-173.771","-3.449","-173.946","13.141"
"5530","-173.774","-3.430","-173.997","13.264"
"5531","-173.982","-3.420","-174.025","13.383"
"5532","-173.300","-3.265","-174.021","13.495"
"5533","-174.014","-3.105","-173.963","13.616"
"5534","-173.932","-2.995","-174.127","13.740"
"5535","-173.967","-3.043","-174.103","13.869"
"5536","-173.990","-3.123","-174.158","13.975"
"5537","-173.986","-3.144","-174.169","14.061"
"5538","-173.612","-3.111","-174.095","14.171"
"5539","-174.002","-3.142","-174.068","14.278"
"5540","-173.940","-3.261","-174.248","14.390"
"5541","-174.077","-3.382","-174.256","14.501"
"5542","-174.139","-3.436","-174.373","14.619"
"5543","-174.350","-3.641","-174.420","14.709"
"5544","-174.205","-3.689","-174.419","14.830"
"5545","-173.771","-3.737","-174.438","14.941"
"5546","-174.224","-3.829","-174.052","15.040"
"5547","-174.357","-3.848","-174.330","15.138"
"5548","-174.373","-3.814","-174.416","15.205"
"5549","-174.244","-3.800","-174.353","15.310"
"5550","-174.272","-3.845","-174.431","15.394"
"5551","-174.053","-3.884","-174.463","15.495"
"5552","-174.315","-3.826","-174.432","15.575"
"5553","-174.580","-3.845","-174.467","15.674"
"5554","-174.072","-3.883","-174.677","15.768"
"5555","-174.294","-4.047","-174.552","15.785"
"5556","-173.904","-4.127","-174.583","15.837"
"5557","-174.505","-4.144","-174.447","15.939"
"5558","-174.576","-4.102","-174.654","16.034"
"5559","-174.350","-4.053","-174.729","16.133"
"5560","-174.479","-3.902","-174.612","16.234"
"5561","-174.713","-3.962","-174.647","16.303"
"5562","-174.416","-3.958","-174.686","16.385"
"5563","-174.518","-3.974","-174.795","16.475"
"5564","-174.815","-3.960","-174.811","16.583"
"5565","-174.452","-4.118","-174.857","16.688"
"5566","-174.764","-3.991","-174.842","16.787"
"5567","-174.901","-3.838","-174.858","16.880"
"5568","-174.987","-3.762","-174.959","16.941"
"5569","-174.858","-3.620","-174.975","17.016"
"5570","-174.647","-3.474","-174.862","17.108"
"5571","-174.862","-3.515","-174.921","17.203"
"5572","-174.371","-3.542","-175.010","17.287"
"5573","-174.558","-3.472","-174.940","17.373"
"5574","-174.925","-3.431","-175.069","17.460"
"5575","-174.828","-3.507","-175.159","17.466"
"5576","-174.913","-3.531","-175.144","17.512"
"5577","-174.984","-3.539","-175.128","17.596"
"5578","-174.777","-3.601","-175.195","17.671"
"5579","-174.980","-3.762","-175.238","17.753"
"5580","-175.136","-3.883","-175.319","17.839"
"5581","-175.089","-3.825","-175.468","17.910"
"5582","-175.467","-3.702","-175.495","17.987"
"5583","-175.569","-3.607","-175.386","18.065"
"5584","-175.117","-3.490","-175.491","18.119"
"5585","-175.359","-3.457","-175.527","18.214"
"5586","-175.609","-3.376","-175.500","18.315"
"5587","-175.410","-3.399","-175.641","18.343"
"5588","-175.516","-3.487","-175.594","18.429"
"5589","-175.734","-3.465","-175.539","18.522"
"5590","-175.890","-3.434","-175.757","18.593"
"5591","-176.089","-3.438","-175.742","18.670"
"5592","-175.082","-3.278","-175.824","18.746"
"5593","-175.660","-3.454","-175.831","18.776"
"5594","-175.492","-3.642","-175.793","18.817"
"5595","-175.531","-3.810","-175.761","18.841"
"5596","-175.714","-3.981","-175.785","18.856"
"5597","-175.827","-3.952","-175.905","18.925"
"5598","-175.785","-3.841","-176.027","19.002"
"5599","-175.766","-3.829","-175.914","19.080"
"5600","-175.887","-3.874","-175.848","19.130"
"5601","-176.028","-3.773","-176.028","19.188"
"5602","-176.087","-3.801","-176.079","19.253"
"5603","-175.770","-3.787","-176.246","19.304"
"5604","-176.141","-3.806","-176.215","19.343"
"5605","-176.196","-3.773","-176.164","19.414"
"5606","-175.798","-3.793","-176.169","19.464"
"5607","-176.196","-3.702","-176.259","19.514"
"5608","-176.528","-3.690","-176.411","19.599"
"5609","-176.013","-3.787","-176.469","19.638"
"5610","-176.095","-3.921","-176.294","19.658"
"5611","-176.274","-3.997","-176.321","19.714"
"5612","-176.142","-3.875","-176.282","19.744"
"5613","-175.982","-3.963","-176.341","19.779"
"5614","-176.412","-4.039","-176.377","19.719"
"5615","-175.815","-3.978","-176.427","19.731"
"5616","-176.307","-3.926","-176.486","19.716"
"5617","-176.221","-3.837","-176.572","19.704"
"5618","-176.444","-3.851","-176.499","19.751"
"5619","-176.784","-3.839","-176.620","19.786"
"5620","-176.581","-3.709","-176.877","19.819"
"5621","-176.784","-3.683","-176.780","19.876"
"5622","-176.487","-3.734","-176.803","19.946"
"5623","-176.487","-3.726","-176.807","20.039"
"5624","-176.616","-3.831","-176.881","20.114"
"5625","-176.616","-3.899","-176.846","20.151"
"5626","-176.800","-3.859","-176.905","20.149"
"5627","-176.905","-3.806","-176.921","20.110"
"5628","-176.418","-3.795","-176.956","20.068"
"5629","-176.758","-3.789","-176.992","20.104"
"5630","-176.957","-3.935","-176.957","20.110"
"5631","-176.961","-4.034","-177.207","20.132"
"5632","-177.000","-4.116","-177.086","20.196"
"5633","-176.883","-4.107","-177.168","20.268"
"5634","-176.895","-4.132","-177.165","20.225"
"5635","-177.153","-4.091","-177.231","20.266"
"5636","-177.317","-4.167","-177.372","20.388"
"5637","-177.196","-4.263","-177.306","20.489"
"5638","-177.107","-4.370","-177.310","20.507"
"5639","-177.240","-4.413","-177.326","20.537"
"5640","-177.116","-4.411","-177.416","20.553"
"5641","-177.362","-4.368","-177.451","20.553"
"5642","-177.272","-4.359","-177.409","20.589"
"5643","-177.085","-4.373","-177.436","20.584"
"5644","-176.758","-4.382","-177.433","20.596"
"5645","-177.167","-4.398","-177.152","20.582"
"5646","-176.262","-4.421","-177.331","20.558"
"5647","-177.074","-4.429","-176.925","20.613"
"5648","-177.035","-4.365","-177.292","20.651"
"5649","-177.332","-4.258","-177.160","20.684"
"5650","-177.297","-4.188","-177.398","20.692"
"5651","-175.885","-4.145","-177.426","20.704"
"5652","-177.071","-3.982","-177.247","20.774"
"5653","-177.309","-3.852","-177.391","20.812"
"5654","-177.060","-3.872","-177.302","20.841"
"5655","-176.620","-3.967","-177.302","20.867"
"5656","-176.936","-3.966","-177.229","20.859"
"5657","-177.096","-4.042","-177.124","20.656"
"5658","-177.116","-4.080","-177.264","20.421"
"5659","-176.917","-4.108","-177.334","20.410"
"5660","-177.159","-4.187","-177.358","20.422"
"5661","-177.221","-4.203","-177.053","20.485"
"5662","-176.703","-4.125","-177.397","20.520"
"5663","-176.874","-4.127","-177.214","20.653"
"5664","-176.469","-4.106","-177.300","20.780"
"5665","-177.031","-4.122","-177.296","20.896"
"5666","-177.172","-4.141","-177.382","20.998"
"5667","-177.226","-4.161","-177.484","21.086"
"5668","-176.876","-4.266","-177.414","21.143"
"5669","-176.872","-4.272","-177.406","21.214"
"5670","-177.005","-4.114","-177.352","21.253"
"5671","-177.165","-3.786","-177.145","21.185"
"5672","-177.126","-3.603","-177.356","21.115"
"5673","-177.122","-3.584","-177.419","21.029"
"5674","-177.049","-3.761","-177.513","21.080"
"5675","-176.753","-3.757","-177.423","21.146"
"5676","-176.998","-3.713","-176.916","21.140"
"5677","-177.003","-3.678","-177.206","21.140"
"5678","-177.178","-3.538","-177.432","21.089"
"5679","-177.140","-3.406","-177.397","21.070"
"5680","-176.965","-3.406","-177.230","21.083"
"5681","-176.103","-3.375","-177.433","21.123"
"5682","-176.953","-3.478","-177.324","21.228"
"5683","-177.086","-3.575","-177.254","21.319"
"5684","-176.915","-3.510","-177.305","21.313"
"5685","-176.927","-3.514","-177.235","21.328"
"5686","-176.924","-3.588","-177.197","21.353"
"5687","-176.799","-3.641","-177.310","21.386"
"5688","-176.422","-3.526","-177.268","21.423"
"5689","-177.198","-3.468","-177.272","21.402"
"5690","-177.347","-3.501","-177.343","21.338"
"5691","-177.292","-3.614","-177.398","21.382"
"5692","-176.863","-3.548","-177.343","21.472"
"5693","-176.680","-3.511","-177.348","21.527"
"5694","-176.856","-3.402","-177.094","21.481"
"5695","-177.087","-3.356","-177.290","21.422"
"5696","-176.857","-3.268","-177.422","21.429"
"5697","-177.123","-3.255","-177.337","21.421"
"5698","-177.123","-3.205","-177.209","21.434"
"5699","-177.206","-3.131","-177.213","21.481"
"5700","-177.105","-3.104","-177.264","21.555"
"5701","-177.214","-3.007","-177.378","21.593"
"5702","-177.023","-3.021","-177.444","21.615"
"5703","-176.902","-2.939","-177.378","21.668"
"5704","-177.114","-2.928","-177.328","21.712"
"5705","-177.142","-3.080","-177.426","21.673"
"5706","-176.971","-3.020","-177.407","21.709"
"5707","-176.756","-3.092","-177.330","21.750"
"5708","-176.371","-3.287","-177.311","21.744"
"5709","-177.011","-3.363","-177.354","21.646"
"5710","-176.605","-3.460","-177.284","21.654"
"5711","-177.082","-3.451","-177.261","21.633"
"5712","-176.903","-3.299","-177.355","21.648"
"5713","-177.258","-3.272","-177.391","21.673"
"5714","-177.071","-3.366","-177.512","21.743"
"5715","-177.349","-3.479","-177.407","21.788"
"5716","-176.741","-3.425","-177.431","21.847"
"5717","-177.143","-3.440","-177.424","21.900"
"5718","-176.777","-3.586","-177.377","21.931"
"5719","-177.100","-3.617","-177.287","21.834"
"5720","-176.558","-3.548","-177.374","21.812"
"5721","-177.058","-3.600","-177.320","21.905"
"5722","-177.000","-3.649","-177.347","21.962"
"5723","-177.126","-3.728","-177.376","21.937"
"5724","-177.138","-3.726","-177.259","21.897"
"5725","-176.974","-3.662","-177.333","21.922"
"5726","-176.959","-3.728","-177.396","21.882"
"5727","-177.197","-3.720","-177.384","21.841"
"5728","-177.186","-3.777","-177.456","21.832"
"5729","-177.035","-3.762","-177.461","21.888"
"5730","-177.067","-3.764","-177.414","21.910"
"5731","-177.110","-3.772","-177.254","21.870"
"5732","-176.732","-3.759","-177.387","21.849"
"5733","-176.705","-3.699","-177.239","21.845"
"5734","-177.122","-3.677","-177.267","21.926"
"5735","-177.006","-3.681","-177.306","21.931"
"5736","-177.127","-3.695","-177.205","21.962"
"5737","-177.140","-3.686","-177.222","21.940"
"5738","-177.234","-3.795","-177.386","21.927"
"5739","-176.860","-3.782","-177.488","21.947"
"5740","-177.555","-3.710","-177.434","21.996"
"5741","-177.559","-3.696","-177.520","22.005"
"5742","-177.134","-3.638","-177.563","22.031"
"5743","-177.189","-3.703","-177.610","22.005"
"5744","-176.694","-3.775","-177.564","22.021"
"5745","-177.147","-3.680","-177.444","22.076"
"5746","-176.617","-3.550","-177.460","22.116"
"5747","-177.320","-3.527","-177.328","22.116"
"5748","-177.250","-3.537","-177.535","22.147"
"5749","-177.313","-3.537","-177.625","22.170"
"5750","-176.876","-3.553","-177.633","22.148"
"5751","-177.524","-3.549","-177.532","22.104"
"5752","-176.573","-3.590","-177.474","22.095"
"5753","-177.275","-3.699","-177.416","22.014"
"5754","-177.260","-3.855","-177.451","21.944"
"5755","-177.444","-3.777","-177.440","21.949"
"5756","-177.253","-3.756","-177.522","21.954"
"5757","-177.422","-3.842","-177.574","21.968"
"5758","-177.396","-3.961","-177.555","21.987"
"5759","-177.353","-3.932","-177.377","22.038"
"5760","-177.419","-3.876","-177.365","21.966"
"5761","-177.327","-3.857","-177.514","21.942"
"5762","-177.058","-3.643","-177.550","21.910"
"5763","-177.261","-3.501","-177.581","21.820"
"5764","-177.062","-3.297","-177.616","21.850"
"5765","-177.167","-3.176","-177.592","21.962"
"5766","-177.098","-3.126","-177.453","22.020"
"5767","-177.408","-3.199","-177.493","22.093"
"5768","-177.361","-3.032","-177.607","22.148"
"5769","-177.201","-2.919","-177.708","22.173"
"5770","-177.588","-2.929","-177.557","22.173"
"5771","-177.121","-2.863","-177.578","22.185"
"5772","-177.262","-2.907","-177.547","22.200"
"5773","-177.325","-3.062","-177.586","22.144"
"5774","-177.486","-3.123","-177.661","22.148"
"5775","-177.458","-2.996","-177.704","22.119"
"5776","-177.618","-2.979","-177.747","22.043"
"5777","-177.326","-2.882","-177.795","21.957"
"5778","-177.277","-2.875","-177.491","21.965"
"5779","-177.426","-2.782","-177.687","21.989"
"5780","-177.442","-2.755","-177.730","21.970"
"5781","-176.670","-2.726","-177.622","21.990"
"5782","-177.438","-2.619","-177.684","22.053"
"5783","-177.479","-2.522","-177.697","22.081"
"5784","-177.085","-2.458","-177.713","22.100"
"5785","-177.511","-2.264","-177.562","22.103"
"5786","-177.309","-2.270","-177.652","22.071"
"5787","-177.384","-2.274","-177.582","22.086"
"5788","-177.466","-2.315","-177.657","22.100"
"5789","-177.088","-2.220","-177.712","22.118"
"5790","-177.260","-2.086","-177.431","22.142"
"5791","-177.522","-2.048","-177.713","22.142"
"5792","-177.601","-1.931","-177.768","22.142"
"5793","-177.484","-2.070","-177.730","22.147"
"5794","-177.196","-2.097","-177.696","22.157"
"5795","-177.177","-2.286","-177.649","22.177"
"5796","-177.399","-2.387","-177.723","22.181"
"5797","-177.064","-2.428","-177.657","22.214"
"5798","-177.490","-2.402","-177.771","22.206"
"5799","-177.378","-2.379","-177.768","22.213"
"5800","-177.281","-2.379","-177.612","22.198"
"5801","-177.336","-2.550","-177.687","22.136"
"5802","-177.523","-2.607","-177.511","22.154"
"5803","-177.165","-2.595","-177.582","22.126"
"5804","-177.571","-2.551","-177.607","22.067"
"5805","-177.392","-2.689","-177.673","22.052"
"5806","-177.248","-2.748","-177.580","22.080"
"5807","-177.413","-2.859","-177.663","22.074"
"5808","-177.328","-2.994","-177.796","22.048"
"5809","-177.207","-3.009","-177.546","22.002"
"5810","-177.247","-3.091","-177.605","21.919"
"5811","-177.126","-3.078","-177.520","21.878"
"5812","-177.092","-3.127","-177.564","21.871"
"5813","-177.096","-3.234","-177.623","21.825"
"5814","-176.968","-3.324","-177.744","21.778"
"5815","-177.464","-3.287","-177.721","21.679"
"5816","-177.495","-3.122","-177.550","21.573"
"5817","-177.547","-3.083","-177.750","21.554"
"5818","-177.235","-2.992","-177.726","21.570"
"5819","-176.984","-2.927","-177.683","21.556"
"5820","-177.383","-2.984","-177.687","21.576"
"5821","-177.041","-2.938","-177.716","21.638"
"5822","-177.361","-2.968","-177.705","21.614"
"5823","-177.327","-2.947","-177.670","21.593"
"5824","-177.706","-2.962","-177.725","21.642"
"5825","-177.530","-2.931","-177.768","21.606"
"5826","-177.519","-3.095","-177.640","21.628"
"5827","-177.402","-3.305","-177.777","21.677"
"5828","-177.602","-3.274","-177.758","21.678"
"5829","-177.208","-3.286","-177.684","21.664"
"5830","-177.431","-3.246","-177.720","21.647"
"5831","-177.218","-3.244","-177.733","21.584"
"5832","-177.281","-3.062","-177.511","21.543"
"5833","-177.410","-2.908","-177.644","21.585"
"5834","-177.527","-2.963","-177.711","21.640"
"5835","-177.298","-2.899","-177.723","21.656"
"5836","-177.415","-2.981","-177.641","21.697"
"5837","-177.528","-3.152","-177.638","21.684"
"5838","-177.342","-3.292","-177.685","21.654"
"5839","-177.432","-3.359","-177.705","21.696"
"5840","-177.031","-3.429","-177.643","21.676"
"5841","-177.348","-3.507","-177.664","21.627"
"5842","-177.329","-3.767","-177.661","21.638"
"5843","-177.376","-3.736","-177.439","21.603"
"5844","-177.248","-3.724","-177.455","21.559"
"5845","-177.050","-3.715","-177.288","21.568"
"5846","-177.206","-3.795","-177.284","21.610"
"5847","-177.168","-3.803","-177.500","21.585"
"5848","-177.324","-3.834","-177.687","21.475"
"5849","-177.411","-3.889","-177.699","21.490"
"5850","-177.610","-3.876","-177.622","21.489"
"5851","-177.497","-3.864","-177.665","21.473"
"5852","-177.404","-3.847","-177.705","21.415"
"5853","-176.804","-3.837","-177.647","21.402"
"5854","-177.316","-3.742","-177.413","21.343"
"5855","-177.375","-3.560","-177.640","21.321"
"5856","-177.149","-3.587","-177.605","21.358"
"5857","-177.372","-3.710","-177.625","21.389"
"5858","-177.528","-3.955","-177.657","21.423"
"5859","-177.232","-4.016","-177.716","21.460"
"5860","-177.166","-3.997","-177.677","21.509"
"5861","-177.124","-3.960","-177.514","21.560"
"5862","-176.761","-4.014","-177.580","21.645"
"5863","-177.011","-4.015","-177.573","21.732"
"5864","-177.445","-4.048","-177.609","21.844"
"5865","-177.547","-4.134","-177.641","21.845"
"5866","-177.446","-4.119","-177.692","21.816"
"5867","-177.580","-4.094","-177.662","21.836"
"5868","-177.366","-4.188","-177.655","21.912"
"5869","-177.355","-4.225","-177.702","21.938"
"5870","-177.375","-4.217","-177.449","21.949"
"5871","-177.102","-4.216","-177.605","22.022"
"5872","-176.962","-4.333","-177.594","22.090"
"5873","-177.247","-4.343","-177.591","22.143"
"5874","-177.193","-4.175","-177.677","22.150"
"5875","-177.116","-4.047","-177.697","22.155"
"5876","-176.999","-3.944","-177.607","22.197"
"5877","-177.268","-3.898","-177.643","22.281"
"5878","-177.249","-3.764","-177.561","22.321"
"5879","-177.414","-3.752","-177.745","22.382"
"5880","-177.418","-3.731","-177.711","22.436"
"5881","-177.419","-3.574","-177.727","22.484"
"5882","-177.459","-3.654","-177.642","22.471"
"5883","-177.510","-3.658","-177.627","22.326"
"5884","-177.487","-3.657","-177.717","22.156"
"5885","-177.308","-3.509","-177.722","22.162"
"5886","-177.648","-3.455","-177.761","22.084"
"5887","-177.289","-3.346","-177.929","21.941"
"5888","-177.309","-3.360","-177.719","21.840"
"5889","-177.583","-3.238","-177.825","21.915"
"5890","-177.139","-3.144","-177.739","21.999"
"5891","-177.217","-3.043","-177.728","22.129"
"5892","-177.202","-2.970","-177.799","22.265"
"5893","-177.436","-2.943","-177.588","22.382"
"5894","-177.487","-2.904","-177.647","22.410"
"5895","-177.382","-2.875","-177.772","22.365"
"5896","-177.445","-2.828","-177.800","22.321"
"5897","-177.500","-2.832","-177.827","22.303"
"5898","-177.477","-2.749","-177.770","22.159"
"5899","-177.599","-2.773","-177.766","22.078"
"5900","-177.089","-2.715","-177.892","22.107"
"5901","-177.190","-2.894","-177.744","22.138"
"5902","-177.311","-2.937","-177.705","22.226"
"5903","-177.429","-3.017","-177.819","22.209"
"5904","-177.496","-3.161","-177.866","22.141"
"5905","-177.407","-3.161","-177.762","22.222"
"5906","-177.442","-3.241","-177.817","22.355"
"5907","-177.197","-3.327","-177.716","22.480"
"5908","-177.311","-3.547","-177.713","22.524"
"5909","-177.608","-3.680","-177.682","22.615"
"5910","-177.078","-3.758","-177.636","22.679"
"5911","-177.074","-3.822","-177.730","22.791"
"5912","-177.164","-3.893","-177.769","22.765"
"5913","-177.094","-3.784","-177.773","22.719"
"5914","-177.305","-3.726","-177.734","22.712"
"5915","-177.407","-3.623","-177.739","22.789"
"5916","-177.501","-3.518","-177.747","22.904"
"5917","-177.416","-3.545","-177.794","22.895"
"5918","-177.389","-3.555","-177.783","22.872"
"5919","-177.417","-3.402","-177.776","22.890"
"5920","-177.464","-3.474","-177.691","22.975"
"5921","-177.449","-3.550","-177.726","23.061"
"5922","-177.489","-3.515","-177.684","23.092"
"5923","-177.212","-3.424","-177.688","23.056"
"5924","-177.037","-3.448","-177.786","22.979"
"5925","-177.396","-3.468","-177.775","22.858"
"5926","-177.283","-3.534","-177.713","22.790"
"5927","-177.479","-3.620","-177.514","22.927"
"5928","-177.253","-3.707","-177.643","22.973"
"5929","-176.992","-3.834","-177.511","22.934"
"5930","-177.262","-3.994","-177.582","22.864"
"5931","-177.434","-4.033","-177.523","22.761"
"5932","-177.426","-4.198","-177.586","22.761"
"5933","-177.446","-4.360","-177.610","22.647"
"5934","-177.579","-4.442","-177.711","22.482"
"5935","-177.493","-4.555","-177.712","22.403"
"5936","-177.522","-4.649","-177.693","22.404"
"5937","-177.440","-4.600","-177.725","22.390"
"5938","-177.511","-4.649","-177.729","22.399"
"5939","-176.926","-4.639","-177.718","22.441"
"5940","-177.262","-4.865","-177.550","22.525"
"5941","-177.465","-4.863","-177.742","22.563"
"5942","-177.364","-4.770","-177.750","22.462"
"5943","-177.410","-4.632","-177.765","22.482"
"5944","-177.235","-4.484","-177.734","22.627"
"5945","-177.313","-4.438","-177.649","22.605"
"5946","-177.344","-4.377","-177.746","22.605"
"5947","-177.454","-4.294","-177.766","22.629"
"5948","-177.427","-4.317","-177.798","22.553"
"5949","-177.214","-4.147","-177.608","22.513"
"5950","-177.561","-3.976","-177.729","22.542"
"5951","-177.460","-3.816","-177.811","22.639"
"5952","-177.714","-3.665","-177.846","22.787"
"5953","-177.597","-3.692","-177.924","22.921"
"5954","-177.523","-3.733","-177.850","23.057"
"5955","-177.336","-3.838","-177.769","23.127"
"5956","-177.586","-4.105","-177.863","23.165"
"5957","-177.637","-4.095","-177.843","23.257"
"5958","-177.418","-4.175","-177.945","23.308"
"5959","-177.481","-4.138","-177.898","23.293"
"5960","-177.473","-4.062","-177.875","23.235"
"5961","-177.243","-3.866","-177.891","23.075"
"5962","-177.739","-3.722","-177.758","22.985"
"5963","-177.384","-3.652","-177.790","22.838"
"5964","-177.681","-3.736","-177.841","22.766"
"5965","-177.631","-3.649","-177.876","22.656"
"5966","-177.533","-3.652","-177.857","22.573"
"5967","-177.260","-3.676","-177.845","22.529"
"5968","-177.483","-3.798","-177.845","22.445"
"5969","-177.070","-3.861","-177.928","22.263"
"5970","-177.180","-4.190","-177.804","22.114"
"5971","-177.012","-4.285","-177.812","22.064"
"5972","-177.351","-4.414","-177.796","22.167"
"5973","-176.922","-4.570","-177.769","22.248"
"5974","-177.601","-4.603","-177.812","22.215"
"5975","-177.601","-4.505","-177.871","22.182"
"5976","-177.137","-4.369","-177.867","22.246"
"5977","-177.216","-4.383","-177.929","22.291"
"5978","-177.438","-4.434","-177.781","22.251"
"5979","-177.473","-4.650","-177.672","22.297"
"5980","-177.525","-4.691","-177.681","22.186"
"5981","-177.443","-4.730","-177.658","22.025"
"5982","-177.474","-4.899","-177.627","22.056"
"5983","-177.381","-4.841","-177.771","22.260"
"5984","-177.283","-4.839","-177.638","22.293"
"5985","-177.272","-4.954","-177.557","22.124"
"5986","-177.062","-4.857","-177.655","22.054"
"5987","-177.394","-4.820","-177.534","22.096"
"5988","-177.452","-4.725","-177.378","22.246"
"5989","-177.562","-4.678","-177.667","22.235"
"5990","-177.608","-4.630","-177.647","22.116"
"5991","-177.452","-4.768","-177.698","22.075"
"5992","-177.359","-4.927","-177.729","22.050"
"5993","-177.433","-4.795","-177.660","22.180"
"5994","-177.079","-4.739","-177.758","22.227"
"5995","-177.263","-4.794","-177.766","22.229"
"5996","-177.567","-4.899","-177.723","22.091"
"5997","-176.884","-5.107","-177.727","21.978"
"5998","-177.111","-5.253","-177.645","21.919"
"5999","-177.321","-5.301","-177.668","21.981"
"6000","-177.286","-5.263","-177.664","22.078"
"6001","-177.062","-5.351","-177.590","22.185"
"6002","-177.342","-5.355","-177.720","22.254"
"6003","-177.471","-5.302","-177.791","22.157"
"6004","-177.249","-5.180","-177.763","22.151"
"6005","-177.352","-4.989","-177.700","22.200"
"6006","-177.347","-4.954","-177.702","22.288"
"6007","-177.479","-5.077","-177.721","22.373"
"6008","-177.331","-5.126","-177.565","22.435"
"6009","-177.203","-5.147","-177.718","22.516"
"6010","-177.289","-5.245","-177.777","22.360"
"6011","-177.149","-5.317","-177.746","22.231"
"6012","-177.005","-5.223","-177.754","22.240"
"6013","-177.231","-5.184","-177.804","22.321"
"6014","-177.621","-5.204","-177.882","22.297"
"6015","-177.130","-5.233","-177.851","22.295"
"6016","-176.860","-5.132","-177.722","22.286"
"6017","-177.590","-4.998","-177.703","22.268"
"6018","-177.376","-4.846","-177.770","22.269"
"6019","-177.251","-4.698","-177.785","22.122"
"6020","-177.423","-4.804","-177.727","21.999"
"6021","-177.634","-4.876","-177.751","22.069"
"6022","-177.216","-4.922","-177.790","22.051"
"6023","-177.302","-5.000","-177.728","21.939"
"6024","-177.517","-5.008","-177.732","21.902"
"6025","-177.412","-5.061","-177.739","21.836"
"6026","-177.314","-5.031","-177.747","21.880"
"6027","-177.552","-4.962","-177.724","21.882"
"6028","-177.658","-4.872","-177.685","21.887"
"6029","-177.022","-4.756","-177.803","21.766"
"6030","-177.518","-4.680","-177.854","21.630"
"6031","-177.608","-4.616","-177.733","21.617"
"6032","-177.582","-4.785","-177.683","21.602"
"6033","-177.507","-4.799","-177.773","21.593"
"6034","-177.465","-4.824","-177.824","21.607"
"6035","-177.457","-4.922","-177.757","21.703"
"6036","-177.617","-5.038","-177.847","21.743"
"6037","-177.488","-4.943","-177.847","21.721"
"6038","-177.000","-4.986","-177.753","21.719"
"6039","-177.512","-5.040","-177.714","21.677"
"6040","-177.165","-5.070","-177.766","21.669"
"6041","-177.068","-5.015","-177.782","21.666"
"6042","-177.447","-5.049","-177.739","21.614"
"6043","-177.041","-5.142","-177.748","21.571"
"6044","-177.611","-5.217","-177.685","21.579"
"6045","-177.611","-5.261","-177.701","21.610"
"6046","-177.588","-5.168","-177.759","21.480"
"6047","-177.611","-5.059","-177.775","21.366"
"6048","-177.455","-5.135","-177.743","21.379"
"6049","-177.502","-5.158","-177.732","21.344"
"6050","-177.057","-5.189","-177.779","21.380"
"6051","-177.389","-5.269","-177.635","21.373"
"6052","-177.230","-5.376","-177.702","21.354"
"6053","-177.355","-5.413","-177.780","21.455"
"6054","-177.547","-5.494","-177.754","21.449"
"6055","-177.450","-5.509","-177.769","21.390"
"6056","-176.935","-5.603","-177.863","21.293"
"6057","-177.707","-5.688","-177.875","21.121"
"6058","-177.032","-5.682","-177.816","21.097"
"6059","-177.399","-5.603","-177.816","21.079"
"6060","-177.707","-5.692","-177.742","21.049"
"6061","-177.442","-5.712","-177.844","21.047"
"6062","-177.477","-5.642","-177.868","20.922"
"6063","-177.404","-5.693","-177.817","20.838"
"6064","-177.642","-5.755","-177.857","20.832"
"6065","-177.225","-5.715","-177.998","20.806"
"6066","-177.837","-5.619","-177.888","20.701"
"6067","-177.798","-5.510","-177.884","20.610"
"6068","-177.439","-5.456","-177.876","20.602"
"6069","-177.825","-5.528","-177.896","20.513"
"6070","-177.627","-5.658","-177.861","20.378"
"6071","-177.679","-5.610","-177.901","20.314"
"6072","-178.011","-5.558","-177.945","20.339"
"6073","-177.703","-5.548","-178.073","20.376"
"6074","-177.844","-5.535","-178.023","20.557"
"6075","-177.384","-5.603","-178.070","20.689"
"6076","-177.626","-5.685","-177.934","20.761"
"6077","-177.521","-5.652","-177.911","20.838"
"6078","-177.778","-5.584","-177.837","20.944"
"6079","-177.868","-5.457","-178.008","21.080"
"6080","-177.848","-5.296","-178.024","21.052"
"6081","-177.892","-5.267","-178.090","20.953"
"6082","-177.692","-4.983","-178.063","20.964"
"6083","-177.884","-4.872","-178.044","20.913"
"6084","-177.752","-4.923","-178.002","20.832"
"6085","-177.429","-4.944","-177.932","20.773"
"6086","-177.499","-5.015","-177.823","20.809"
"6087","-177.604","-5.083","-177.878","20.844"
"6088","-177.842","-5.166","-177.983","20.912"
"6089","-177.694","-5.141","-177.998","20.998"
"6090","-177.816","-5.134","-177.878","21.022"
"6091","-177.640","-5.182","-177.847","20.947"
"6092","-177.535","-5.106","-178.011","20.943"
"6093","-177.593","-4.978","-177.835","20.985"
"6094","-177.305","-4.864","-177.871","20.967"
"6095","-177.126","-4.774","-177.817","20.920"
"6096","-177.649","-4.856","-177.731","20.884"
"6097","-177.622","-4.872","-177.879","20.845"
"6098","-177.759","-4.841","-177.883","20.869"
"6099","-177.755","-4.810","-177.938","20.823"
"6100","-177.951","-4.911","-178.005","20.668"
"6101","-177.994","-4.937","-178.049","20.573"
"6102","-176.855","-4.947","-178.018","20.560"
"6103","-177.644","-4.857","-177.878","20.525"
"6104","-177.726","-4.795","-177.948","20.525"
"6105","-177.621","-4.758","-177.972","20.572"
"6106","-177.699","-4.675","-177.894","20.572"
"6107","-177.719","-4.582","-178.008","20.506"
"6108","-177.821","-4.623","-177.954","20.476"
"6109","-177.747","-4.609","-177.985","20.322"
"6110","-177.670","-4.584","-178.021","20.162"
"6111","-177.666","-4.598","-177.947","20.136"
"6112","-177.608","-4.653","-177.854","20.204"
"6113","-177.819","-4.711","-177.916","20.202"
"6114","-177.995","-4.591","-178.018","20.275"
"6115","-177.675","-4.439","-178.061","20.286"
"6116","-177.414","-4.533","-178.019","20.324"
"6117","-177.340","-4.626","-178.058","20.348"
"6118","-177.808","-4.620","-178.027","20.377"
"6119","-177.664","-4.562","-178.113","20.375"
"6120","-177.739","-4.504","-177.942","20.350"
"6121","-177.845","-4.572","-177.903","20.368"
"6122","-177.689","-4.551","-178.032","20.419"
"6123","-177.806","-4.649","-178.056","20.384"
"6124","-177.604","-4.709","-177.982","20.457"
"6125","-177.694","-4.777","-177.936","20.473"
"6126","-177.495","-4.898","-177.889","20.516"
"6127","-177.808","-4.908","-177.937","20.559"
"6128","-177.859","-4.863","-178.034","20.557"
"6129","-177.812","-4.947","-178.078","20.609"
"6130","-177.793","-4.963","-178.023","20.596"
"6131","-177.711","-4.994","-177.887","20.592"
"6132","-177.693","-5.002","-177.997","20.658"
"6133","-177.627","-4.928","-177.958","20.724"
"6134","-177.159","-4.944","-177.990","20.733"
"6135","-177.455","-4.954","-177.857","20.744"
"6136","-177.584","-5.040","-177.893","20.762"
"6137","-177.713","-4.925","-177.912","20.837"
"6138","-177.686","-4.867","-177.995","20.844"
"6139","-177.531","-4.984","-178.057","20.791"
"6140","-177.594","-5.066","-178.120","20.824"
"6141","-177.925","-5.013","-178.136","20.875"
"6142","-178.120","-4.984","-178.124","20.893"
"6143","-178.073","-4.879","-178.225","20.952"
"6144","-178.261","-4.864","-178.277","20.950"
"6145","-177.732","-4.930","-178.321","20.966"
"6146","-177.635","-4.946","-178.228","20.940"
"6147","-177.760","-4.880","-178.146","20.769"
"6148","-177.686","-4.818","-177.939","20.760"
"6149","-177.499","-4.935","-177.982","20.846"
"6150","-177.659","-4.976","-178.053","20.859"
"6151","-177.780","-4.876","-178.033","20.910"
"6152","-177.733","-4.778","-178.003","20.952"
"6153","-177.550","-4.764","-177.952","20.991"
"6154","-177.956","-4.774","-178.007","20.947"
"6155","-177.836","-4.778","-178.042","20.957"
"6156","-177.793","-4.858","-178.035","20.869"
"6157","-177.911","-4.846","-177.981","20.781"
"6158","-177.915","-4.845","-178.064","20.753"
"6159","-177.611","-4.847","-178.068","20.667"
"6160","-177.799","-4.833","-177.912","20.558"
"6161","-177.756","-4.775","-177.881","20.512"
"6162","-177.526","-4.748","-177.912","20.518"
"6163","-177.366","-4.733","-177.842","20.521"
"6164","-177.737","-4.894","-177.963","20.479"
"6165","-177.741","-4.921","-178.030","20.438"
"6166","-177.675","-4.900","-178.023","20.464"
"6167","-177.566","-4.926","-178.015","20.539"
"6168","-177.700","-5.010","-177.922","20.620"
"6169","-177.770","-5.084","-177.930","20.544"
"6170","-177.696","-5.051","-177.907","20.472"
"6171","-177.615","-4.925","-177.954","20.384"
"6172","-177.580","-4.800","-177.985","20.324"
"6173","-177.697","-4.781","-177.837","20.320"
"6174","-177.670","-4.864","-177.888","20.366"
"6175","-177.752","-4.974","-177.858","20.255"
"6176","-177.429","-5.071","-177.912","20.220"
"6177","-177.717","-5.170","-177.854","20.178"
"6178","-177.620","-5.204","-177.925","20.099"
"6179","-177.703","-5.151","-177.929","20.036"
"6180","-177.652","-5.066","-177.933","20.091"
"6181","-177.481","-5.054","-178.008","20.179"
"6182","-177.653","-5.070","-178.000","20.269"
"6183","-177.630","-5.126","-177.949","20.252"
"6184","-177.704","-5.105","-177.786","20.227"
"6185","-177.747","-5.006","-177.856","20.208"
"6186","-177.689","-4.989","-177.958","20.228"
"6187","-177.665","-4.969","-177.931","20.283"
"6188","-177.666","-5.006","-177.927","20.331"
"6189","-177.795","-5.007","-177.947","20.404"
"6190","-177.764","-5.166","-177.940","20.422"
"6191","-177.757","-5.242","-177.921","20.446"
"6192","-177.320","-5.202","-177.948","20.477"
"6193","-177.547","-5.208","-177.937","20.469"
"6194","-177.551","-5.264","-177.887","20.377"
"6195","-177.727","-5.253","-177.910","19.944"
"6196","-177.829","-5.296","-177.961","19.441"
"6197","-177.505","-5.214","-177.915","19.360"
"6198","-177.615","-5.218","-177.845","19.364"
"6199","-177.635","-5.263","-177.795","18.867"
"6200","-177.772","-5.289","-177.776","18.495"
"6201","-177.233","-5.203","-177.869","18.202"
"6202","-177.273","-5.145","-177.838","17.907"
"6203","-177.558","-5.145","-177.870","17.641"
"6204","-177.164","-5.173","-177.855","17.380"
"6205","-177.496","-5.089","-177.808","17.363"
"6206","-177.501","-5.080","-177.844","17.344"
"6207","-177.458","-4.996","-177.836","17.359"
"6208","-177.442","-4.850","-177.661","17.396"
"6209","-177.525","-4.753","-177.685","17.452"
"6210","-177.724","-4.767","-177.662","17.483"
"6211","-177.674","-4.759","-177.877","17.498"
"6212","-177.600","-4.838","-177.873","17.442"
"6213","-176.844","-4.869","-177.846","17.416"
"6214","-177.316","-4.807","-177.765","17.354"
"6215","-177.500","-4.791","-177.820","17.305"
"6216","-177.544","-4.757","-177.797","17.381"
"6217","-177.634","-4.773","-177.661","17.293"
"6218","-177.568","-4.664","-177.802","17.172"
"6219","-177.537","-4.637","-177.830","17.112"
"6220","-177.339","-4.619","-177.748","17.074"
"6221","-177.347","-4.715","-177.741","17.014"
"6222","-177.589","-4.791","-177.734","16.725"
"6223","-177.430","-4.708","-177.777","16.638"
"6224","-177.555","-4.700","-177.687","16.489"
"6225","-177.243","-4.786","-177.750","16.457"
"6226","-177.625","-4.848","-177.817","16.463"
"6227","-177.251","-4.876","-177.840","15.544"
"6228","-177.404","-4.932","-177.704","12.617"
"6229","-177.685","-4.932","-177.642","9.572"
"6230","-177.455","-4.831","-177.802","7.598"
"6231","-177.643","-4.769","-177.534","6.156"
"6232","-177.557","-4.787","-177.557","5.094"
"6233","-177.222","-4.853","-177.569","4.503"
"6234","-177.332","-4.764","-177.418","3.588"
"6235","-177.348","-4.811","-177.449","2.780"
"6236","-177.180","-4.899","-177.336","1.818"
"6237","-177.204","-4.990","-176.525","0.947"
"6238","-177.232","-4.982","-176.658","0.153"
"6239","-177.060","-4.872","-176.998","-0.691"
"6240","-176.963","-4.940","-176.172","-1.318"
"6241","-176.824","-5.001","-176.055","-1.789"
"6242","-176.937","-5.110","-175.560","-1.902"
"6243","-176.680","-5.114","-175.443","-1.994"
"6244","-176.575","-5.025","-175.167","-1.797"
"6245","-176.181","-4.980","-175.506","-2.039"
"6246","-176.279","-5.066","-175.967","-2.479"
"6247","-176.431","-5.204","-175.359","-3.087"
"6248","-176.112","-5.282","-174.871","-3.914"
"6249","-176.006","-5.218","-175.425","-4.815"
"6250","-175.870","-5.222","-175.753","-5.253"
"6251","-175.898","-5.335","-175.680","-5.802"
"6252","-175.684","-5.479","-174.654","-6.327"
"6253","-175.677","-5.470","-174.939","-6.664"
"6254","-175.642","-5.522","-174.323","-7.111"
"6255","-175.533","-5.520","-174.253","-7.440"
"6256","-175.014","-5.575","-174.168","-8.036"
"6257","-175.404","-5.678","-174.339","-8.466"
"6258","-175.326","-5.847","-174.332","-8.987"
"6259","-175.354","-5.915","-173.606","-9.357"
"6260","-174.781","-6.050","-172.791","-9.818"
"6261","-174.734","-5.976","-172.729","-10.377"
"6262","-174.578","-5.960","-173.458","-10.301"
"6263","-174.605","-6.059","-173.750","-9.941"
"6264","-174.449","-5.900","-173.150","-9.647"
"6265","-174.185","-5.891","-173.237","-9.820"
"6266","-174.580","-5.792","-173.101","-9.932"
"6267","-174.179","-5.691","-173.063","-10.271"
"6268","-174.144","-5.590","-172.810","-10.253"
"6269","-173.649","-5.458","-172.529","-10.055"
"6270","-173.547","-5.413","-172.775","-10.176"
"6271","-173.587","-5.487","-173.435","-10.168"
"6272","-173.313","-5.456","-173.278","-9.960"
"6273","-173.384","-5.513","-173.337","-10.005"
"6274","-173.513","-5.441","-173.263","-10.168"
"6275","-173.494","-5.369","-173.166","-9.923"
"6276","-173.314","-5.435","-172.421","-9.653"
"6277","-173.073","-5.476","-172.464","-9.283"
"6278","-173.182","-5.344","-172.777","-9.091"
"6279","-173.070","-5.358","-172.668","-9.432"
"6280","-173.058","-5.395","-172.450","-9.844"
"6281","-172.946","-5.442","-172.567","-10.098"
"6282","-172.798","-5.417","-171.963","-10.122"
"6283","-172.798","-5.302","-172.466","-10.277"
"6284","-172.677","-5.296","-172.314","-10.289"
"6285","-172.513","-5.250","-172.392","-10.199"
"6286","-172.529","-5.211","-171.484","-9.953"
"6287","-172.502","-5.196","-171.172","-9.475"
"6288","-172.436","-5.081","-171.083","-8.913"
"6289","-172.448","-5.013","-171.153","-9.240"
"6290","-172.281","-5.017","-171.703","-9.721"
"6291","-172.144","-5.128","-171.302","-9.480"
"6292","-172.067","-5.193","-170.986","-9.400"
"6293","-171.966","-5.306","-171.693","-9.572"
"6294","-171.900","-5.216","-171.420","-9.494"
"6295","-171.701","-5.111","-171.561","-9.527"
"6296","-171.440","-5.065","-171.284","-9.547"
"6297","-171.604","-5.061","-171.335","-9.844"
"6298","-171.698","-5.042","-171.148","-10.905"
"6299","-171.640","-4.929","-171.023","-11.235"
"6300","-171.429","-4.822","-171.133","-10.887"
"6301","-171.343","-4.880","-170.906","-10.457"
"6302","-171.129","-4.966","-170.844","-9.963"
"6303","-171.235","-5.019","-170.958","-9.868"
"6304","-171.134","-4.881","-171.005","-9.783"
"6305","-171.259","-4.766","-170.693","-9.739"
"6306","-171.021","-4.636","-170.030","-9.595"
"6307","-170.874","-4.535","-169.331","-9.352"
"6308","-170.843","-4.755","-170.012","-9.210"
"6309","-170.493","-5.018","-170.157","-9.170"
"6310","-170.559","-5.063","-170.403","-8.639"
"6311","-170.446","-5.131","-169.972","-8.244"
"6312","-170.185","-5.217","-169.616","-8.234"
"6313","-170.240","-5.164","-170.204","-8.450"
"6314","-170.435","-5.104","-170.088","-8.514"
"6315","-170.365","-5.048","-170.119","-8.194"
"6316","-170.291","-5.007","-170.084","-7.884"
"6317","-170.267","-5.064","-169.985","-7.838"
"6318","-170.256","-4.865","-169.515","-7.686"
"6319","-170.183","-4.726","-169.625","-7.702"
"6320","-169.917","-4.786","-169.760","-8.043"
"6321","-170.118","-4.717","-169.205","-8.608"
"6322","-169.991","-4.686","-169.580","-8.977"
"6323","-169.823","-4.536","-169.322","-9.170"
"6324","-169.845","-4.468","-169.278","-9.170"
"6325","-169.777","-4.437","-169.021","-8.956"
"6326","-169.817","-4.393","-169.054","-8.754"
"6327","-169.592","-4.375","-169.196","-8.836"
"6328","-169.498","-4.358","-169.062","-8.788"
"6329","-169.444","-4.434","-169.030","-8.617"
"6330","-169.480","-4.446","-168.670","-8.650"
"6331","-169.255","-4.564","-168.811","-8.469"
"6332","-169.030","-4.590","-169.015","-8.459"
"6333","-169.292","-4.526","-168.968","-8.257"
"6334","-169.183","-4.454","-168.925","-8.181"
"6335","-169.172","-4.590","-168.965","-7.847"
"6336","-168.910","-4.687","-168.536","-7.662"
"6337","-168.936","-4.721","-168.478","-7.573"
"6338","-168.792","-4.762","-168.432","-7.375"
"6339","-168.894","-4.721","-168.745","-7.231"
"6340","-168.716","-4.712","-168.854","-6.908"
"6341","-168.890","-4.885","-168.807","-6.830"
"6342","-168.763","-4.891","-168.644","-7.064"
"6343","-168.877","-4.917","-167.899","-7.372"
"6344","-168.709","-4.943","-167.553","-7.698"
"6345","-168.690","-4.967","-168.051","-7.840"
"6346","-168.549","-4.842","-167.622","-8.350"
"6347","-168.564","-4.722","-168.458","-8.295"
"6348","-168.554","-4.695","-168.474","-8.090"
"6349","-168.562","-4.742","-168.271","-7.942"
"6350","-168.562","-4.750","-168.297","-8.218"
"6351","-168.428","-4.824","-168.021","-8.726"
"6352","-168.418","-4.797","-167.756","-9.192"
"6353","-168.582","-4.795","-167.658","-9.357"
"6354","-168.575","-4.772","-167.481","-9.140"
"6355","-168.371","-4.846","-167.939","-8.865"
"6356","-168.197","-4.825","-167.278","-8.652"
"6357","-168.460","-4.825","-167.624","-8.502"
"6358","-168.572","-4.787","-168.027","-8.428"
"6359","-168.456","-4.723","-167.991","-8.339"
"6360","-168.457","-4.748","-167.981","-8.489"
"6361","-168.334","-4.824","-167.916","-8.898"
"6362","-168.305","-4.696","-167.600","-8.879"
"6363","-168.182","-4.636","-167.924","-8.892"
"6364","-168.153","-4.525","-168.127","-8.690"
"6365","-168.226","-4.642","-167.310","-8.455"
"6366","-168.088","-4.617","-166.925","-8.712"
"6367","-168.023","-4.642","-167.521","-8.953"
"6368","-167.841","-4.705","-167.870","-8.893"
"6369","-167.820","-4.773","-167.830","-8.613"
"6370","-167.947","-4.872","-167.616","-8.457"
"6371","-167.900","-4.806","-167.689","-8.623"
"6372","-167.854","-4.622","-167.610","-8.717"
"6373","-167.647","-4.451","-167.723","-8.594"
"6374","-167.698","-4.357","-167.494","-8.629"
"6375","-167.556","-4.241","-167.146","-8.867"
"6376","-167.669","-4.128","-167.244","-9.135"
"6377","-167.637","-4.089","-167.451","-9.223"
"6378","-167.590","-4.124","-167.546","-9.015"
"6379","-167.568","-3.994","-167.597","-8.685"
"6380","-167.362","-3.897","-167.362","-8.453"
"6381","-167.507","-4.018","-166.512","-8.646"
"6382","-167.501","-4.178","-166.599","-8.502"
"6383","-167.403","-4.244","-167.126","-8.024"
"6384","-167.298","-4.336","-167.276","-7.841"
"6385","-167.312","-4.303","-167.356","-7.746"
"6386","-167.269","-4.330","-167.291","-7.834"
"6387","-167.208","-4.305","-167.317","-7.892"
"6388","-166.757","-4.214","-166.902","-8.009"
"6389","-167.019","-4.068","-166.801","-8.083"
"6390","-167.117","-3.913","-167.023","-8.414"
"6391","-167.107","-3.808","-167.074","-8.650"
"6392","-167.161","-3.847","-166.798","-8.655"
"6393","-166.984","-3.886","-166.795","-8.625"
"6394","-166.850","-3.913","-166.192","-8.425"
"6395","-166.778","-3.939","-166.233","-8.512"
"6396","-166.807","-4.085","-165.895","-8.415"
"6397","-166.822","-4.161","-166.150","-8.287"
"6398","-166.775","-4.202","-166.190","-8.301"
"6399","-166.659","-4.291","-166.270","-8.338"
"6400","-166.662","-4.515","-165.775","-8.312"
"6401","-166.670","-4.620","-165.609","-8.313"
"6402","-166.663","-4.572","-166.041","-8.478"
"6403","-166.547","-4.479","-166.064","-8.710"
"6404","-166.533","-4.403","-166.395","-8.860"
"6405","-166.468","-4.514","-165.843","-9.138"
"6406","-166.308","-4.559","-165.312","-9.440"
"6407","-166.247","-4.491","-166.145","-9.463"
"6408","-166.429","-4.359","-165.844","-9.355"
"6409","-166.560","-4.235","-165.331","-8.880"
"6410","-166.568","-4.143","-165.248","-8.583"
"6411","-166.586","-4.029","-165.801","-8.200"
"6412","-166.434","-4.070","-165.954","-7.923"
"6413","-166.448","-4.231","-166.416","-7.832"
"6414","-166.340","-4.275","-166.104","-8.142"
"6415","-166.366","-4.283","-165.472","-8.286"
"6416","-166.392","-4.151","-166.043","-8.179"
"6417","-166.356","-4.162","-166.279","-8.249"
"6418","-166.363","-4.186","-166.156","-8.335"
"6419","-166.349","-4.138","-165.826","-8.318"
"6420","-166.270","-3.967","-165.459","-8.139"
"6421","-166.260","-3.924","-166.089","-8.035"
"6422","-166.104","-3.868","-165.925","-7.778"
"6423","-166.006","-3.792","-165.752","-7.805"
"6424","-166.279","-3.656","-165.908","-7.856"
"6425","-166.239","-3.587","-166.039","-7.582"
"6426","-166.247","-3.762","-165.898","-7.390"
"6427","-166.091","-3.733","-165.397","-7.649"
"6428","-166.030","-3.669","-165.564","-7.639"
"6429","-166.175","-3.550","-165.765","-7.686"
"6430","-166.005","-3.726","-165.500","-7.616"
"6431","-165.958","-3.753","-165.777","-7.829"
"6432","-165.752","-3.802","-165.294","-8.140"
"6433","-165.650","-3.855","-165.683","-8.434"
"6434","-165.749","-3.824","-165.498","-8.395"
"6435","-165.552","-3.843","-165.585","-8.138"
"6436","-165.709","-3.752","-165.560","-7.981"
"6437","-165.705","-3.517","-165.458","-7.796"
"6438","-165.746","-3.527","-165.440","-8.188"
"6439","-165.579","-3.630","-164.928","-8.172"
"6440","-165.583","-3.648","-165.361","-7.579"
"6441","-165.540","-3.728","-165.227","-7.632"
"6442","-165.551","-3.621","-164.625","-7.763"
"6443","-165.530","-3.792","-165.381","-8.198"
"6444","-165.424","-3.841","-165.315","-8.187"
"6445","-165.461","-3.773","-165.374","-8.424"
"6446","-165.501","-3.785","-165.319","-8.391"
"6447","-165.309","-3.942","-165.381","-8.551"
"6448","-165.386","-4.040","-165.066","-8.853"
"6449","-165.466","-4.044","-165.222","-8.876"
"6450","-165.412","-4.017","-164.932","-9.156"
"6451","-165.514","-3.844","-164.336","-9.336"
"6452","-165.438","-3.858","-164.253","-9.281"
"6453","-165.224","-3.909","-164.755","-9.128"
"6454","-165.388","-3.823","-165.094","-9.189"
"6455","-165.530","-3.825","-165.228","-9.155"
"6456","-165.414","-3.812","-164.930","-9.500"
"6457","-165.239","-3.712","-164.676","-9.881"
"6458","-165.308","-3.646","-164.523","-10.014"
"6459","-165.242","-3.751","-164.497","-9.906"
"6460","-165.119","-3.818","-164.974","-9.570"
"6461","-165.293","-3.919","-164.897","-9.443"
"6462","-165.403","-4.032","-165.025","-9.335"
"6463","-165.266","-4.038","-165.052","-9.242"
"6464","-165.129","-4.165","-164.249","-9.388"
"6465","-165.169","-4.196","-164.784","-9.715"
"6466","-165.260","-4.160","-165.111","-9.791"
"6467","-165.290","-4.187","-165.104","-9.595"
"6468","-165.264","-4.296","-165.083","-9.451"
"6469","-165.312","-4.339","-165.185","-9.562"
"6470","-165.170","-4.359","-164.585","-9.399"
"6471","-165.247","-4.435","-164.215","-9.273"
"6472","-165.196","-4.351","-164.161","-9.242"
"6473","-165.135","-4.295","-164.815","-9.236"
"6474","-165.055","-4.223","-165.030","-8.960"
"6475","-165.161","-3.957","-164.376","-8.571"
"6476","-164.823","-3.854","-164.009","-8.307"
"6477","-164.918","-3.846","-164.936","-7.877"
"6478","-164.962","-3.833","-165.009","-7.540"
"6479","-165.024","-3.759","-164.889","-7.321"
"6480","-165.162","-3.633","-164.613","-7.327"
"6481","-165.043","-3.590","-164.836","-7.496"
"6482","-164.803","-3.431","-164.825","-7.782"
"6483","-164.866","-3.526","-164.742","-7.859"
"6484","-164.917","-3.633","-164.368","-7.833"
"6485","-164.891","-3.639","-164.524","-7.783"
"6486","-164.877","-3.608","-163.754","-8.079"
"6487","-164.808","-3.505","-163.841","-8.291"
"6488","-164.852","-3.427","-164.514","-8.343"
"6489","-164.986","-3.488","-164.365","-8.489"
"6490","-164.903","-3.576","-164.020","-8.398"
"6491","-164.813","-3.624","-163.893","-8.227"
"6492","-164.828","-3.599","-163.937","-8.188"
"6493","-164.741","-3.677","-163.960","-8.084"
"6494","-164.930","-3.678","-164.265","-8.132"
"6495","-164.945","-3.664","-164.509","-8.028"
"6496","-164.971","-3.703","-163.405","-8.211"
"6497","-164.818","-3.855","-163.554","-8.016"
"6498","-164.833","-3.882","-164.292","-7.617"
"6499","-164.742","-3.892","-164.688","-7.685"
"6500","-164.604","-3.863","-164.732","-7.831"
"6501","-164.714","-3.957","-164.449","-8.151"
"6502","-164.686","-4.050","-164.398","-8.250"
"6503","-164.461","-3.994","-164.065","-8.183"
"6504","-164.440","-3.993","-164.374","-8.360"
"6505","-164.632","-3.913","-164.156","-8.749"
"6506","-164.639","-3.839","-164.360","-8.644"
"6507","-164.687","-3.831","-164.076","-8.469"
"6508","-164.575","-3.771","-163.405","-8.322"
"6509","-164.416","-3.844","-163.718","-8.091"
"6510","-164.445","-3.760","-163.301","-7.669"
"6511","-164.264","-3.632","-164.039","-7.052"
"6512","-164.239","-3.553","-164.057","-6.620"
"6513","-164.446","-3.617","-164.076","-6.235"
"6514","-164.418","-3.602","-163.069","-6.095"
"6515","-164.349","-3.777","-163.607","-6.446"
"6516","-164.233","-4.016","-162.910","-6.571"
"6517","-164.299","-4.182","-163.416","-6.411"
"6518","-164.383","-4.180","-164.034","-6.194"
"6519","-164.213","-4.303","-164.096","-6.140"
"6520","-164.184","-4.274","-164.173","-6.344"
"6521","-164.373","-4.128","-163.955","-6.685"
"6522","-164.356","-4.185","-163.930","-6.903"
"6523","-164.312","-4.210","-164.170","-7.220"
"6524","-164.418","-4.356","-164.156","-7.457"
"6525","-164.334","-4.405","-163.996","-7.378"
"6526","-164.095","-4.283","-163.848","-7.514"
"6527","-164.208","-4.172","-163.990","-7.884"
"6528","-164.172","-4.229","-163.652","-7.908"
"6529","-163.973","-4.192","-163.525","-7.894"
"6530","-164.103","-4.079","-163.867","-8.120"
"6531","-164.085","-4.081","-163.090","-8.118"
"6532","-164.107","-4.044","-163.009","-8.108"
"6533","-163.973","-4.017","-162.843","-8.077"
"6534","-164.021","-4.084","-163.014","-8.019"
"6535","-164.032","-4.234","-162.931","-7.912"
"6536","-164.040","-4.388","-163.364","-7.952"
"6537","-164.153","-4.576","-162.743","-7.885"
"6538","-164.047","-4.623","-162.463","-7.745"
"6539","-163.586","-4.565","-162.597","-7.553"
"6540","-163.884","-4.522","-163.412","-7.356"
"6541","-163.928","-4.575","-162.907","-7.148"
"6542","-164.019","-4.552","-163.208","-7.232"
"6543","-163.925","-4.497","-162.435","-7.114"
"6544","-163.798","-4.492","-162.959","-7.200"
"6545","-163.864","-4.626","-163.460","-7.423"
"6546","-163.951","-4.599","-163.602","-7.245"
"6547","-163.901","-4.541","-163.650","-7.466"
"6548","-163.777","-4.671","-163.708","-7.649"
"6549","-163.690","-4.736","-163.767","-7.669"
"6550","-163.702","-4.853","-163.607","-7.726"
"6551","-163.793","-4.837","-163.488","-7.985"
"6552","-163.681","-4.769","-163.703","-8.102"
"6553","-163.496","-4.806","-162.896","-8.067"
"6554","-163.431","-4.731","-161.890","-8.009"
"6555","-163.515","-4.474","-162.396","-7.748"
"6556","-163.555","-4.426","-162.461","-7.787"
"6557","-163.486","-4.591","-163.105","-7.930"
"6558","-163.429","-4.776","-162.727","-8.115"
"6559","-163.498","-4.821","-162.582","-8.136"
"6560","-163.498","-4.800","-163.185","-7.887"
"6561","-163.611","-4.821","-163.335","-7.716"
"6562","-163.440","-4.895","-162.870","-7.681"
"6563","-163.444","-4.874","-162.754","-7.489"
"6564","-163.019","-4.775","-162.692","-7.497"
"6565","-163.157","-4.795","-163.208","-7.602"
"6566","-163.220","-4.766","-163.201","-7.413"
"6567","-163.372","-4.740","-163.202","-7.295"
"6568","-162.827","-4.698","-162.958","-7.575"
"6569","-162.962","-4.676","-163.133","-7.775"
"6570","-163.090","-4.539","-163.104","-8.126"
"6571","-163.090","-4.539","-162.934","-8.050"
"6572","-163.338","-4.510","-162.295","-7.862"
"6573","-163.323","-4.502","-162.945","-7.908"
"6574","-163.283","-4.537","-163.116","-8.212"
"6575","-163.196","-4.549","-163.036","-8.402"
"6576","-163.160","-4.518","-162.774","-8.461"
"6577","-163.167","-4.487","-162.800","-8.622"
"6578","-163.255","-4.559","-163.026","-8.738"
"6579","-163.179","-4.460","-163.125","-8.662"
"6580","-163.128","-4.417","-162.750","-8.687"
"6581","-162.993","-4.399","-162.898","-8.794"
"6582","-162.990","-4.328","-162.856","-8.779"
"6583","-162.933","-4.194","-162.864","-8.462"
"6584","-162.912","-4.080","-162.516","-7.988"
"6585","-162.960","-3.982","-162.691","-7.716"
"6586","-162.948","-4.144","-162.632","-7.529"
"6587","-162.850","-4.549","-162.705","-7.544"
"6588","-162.909","-6.895","-162.778","-7.117"
"6589","-162.887","-10.431","-161.968","-6.870"
"6590","-162.873","-16.819","-162.746","-6.716"
"6591","-162.895","-22.438","-162.630","-6.720"
"6592","-162.979","-24.440","-162.787","-6.549"
"6593","-162.715","-25.133","-162.722","-6.645"
"6594","-162.679","-25.420","-162.515","-6.748"
"6595","-162.803","-26.390","-162.552","-6.959"
"6596","-162.898","-27.102","-162.611","-7.350"
"6597","-162.756","-26.697","-162.207","-7.593"
"6598","-162.734","-26.431","-161.255","-7.720"
"6599","-162.575","-26.894","-161.019","-7.737"
"6600","-162.462","-26.767","-162.030","-7.854"
"6601","-162.564","-26.765","-162.393","-8.171"
"6602","-162.731","-26.693","-162.331","-8.648"
"6603","-162.626","-26.370","-162.379","-9.198"
"6604","-162.409","-26.352","-162.430","-9.605"
"6605","-162.522","-25.933","-162.078","-9.498"
"6606","-162.726","-25.689","-162.213","-9.403"
"6607","-162.312","-25.409","-162.596","-9.460"
"6608","-162.571","-24.894","-162.451","-9.211"
"6609","-162.542","-24.436","-160.797","-8.649"
"6610","-162.619","-24.186","-160.609","-8.319"
"6611","-162.484","-23.973","-161.892","-7.813"
"6612","-162.543","-23.544","-161.859","-7.481"
"6613","-162.481","-23.136","-161.053","-7.409"
"6614","-162.136","-22.735","-161.780","-7.384"
"6615","-162.441","-22.150","-162.296","-7.294"
"6616","-162.372","-21.739","-162.256","-7.191"
"6617","-162.420","-21.225","-162.238","-7.351"
"6618","-162.493","-21.152","-162.246","-7.649"
"6619","-162.381","-20.712","-162.170","-7.669"
"6620","-162.527","-20.274","-162.247","-8.120"
"6621","-162.443","-20.409","-162.388","-8.612"
"6622","-162.432","-20.033","-162.250","-8.995"
"6623","-162.232","-19.585","-162.272","-9.268"
"6624","-162.200","-19.605","-162.145","-9.167"
"6625","-162.313","-19.265","-161.579","-9.087"
"6626","-162.259","-18.793","-161.416","-8.992"
"6627","-162.285","-18.381","-161.769","-8.691"
"6628","-162.303","-18.266","-161.900","-8.282"
"6629","-162.376","-18.166","-161.856","-8.049"
"6630","-162.242","-18.124","-160.410","-8.088"
"6631","-162.355","-17.832","-160.564","-8.160"
"6632","-162.020","-17.326","-161.105","-7.730"
"6633","-162.003","-16.852","-160.999","-7.462"
"6634","-162.276","-16.467","-161.927","-7.252"
"6635","-162.393","-16.111","-161.931","-7.502"
"6636","-162.331","-15.797","-161.913","-7.710"
"6637","-162.128","-15.845","-162.069","-8.013"
"6638","-161.783","-15.944","-162.095","-8.105"
"6639","-161.943","-15.809","-161.707","-8.162"
"6640","-161.954","-15.610","-161.776","-7.959"
"6641","-161.900","-15.725","-161.725","-7.362"
"6642","-161.962","-15.656","-160.871","-7.144"
"6643","-161.856","-15.716","-160.868","-7.413"
"6644","-161.926","-15.742","-161.919","-7.565"
"6645","-161.898","-15.693","-161.949","-7.350"
"6646","-162.007","-15.796","-161.941","-7.291"
"6647","-161.909","-16.370","-161.894","-7.128"
"6648","-161.913","-17.209","-161.946","-7.126"
"6649","-161.772","-17.783","-161.797","-6.926"
"6650","-161.783","-18.090","-161.779","-7.152"
"6651","-161.903","-17.897","-161.663","-7.325"
"6652","-161.980","-17.634","-161.638","-7.286"
"6653","-161.729","-17.172","-161.769","-7.174"
"6654","-161.700","-16.720","-160.592","-7.189"
"6655","-161.773","-16.642","-159.481","-7.267"
"6656","-161.857","-16.455","-160.748","-7.330"
"6657","-161.744","-16.035","-161.552","-7.433"
"6658","-161.407","-15.700","-160.596","-7.412"
"6659","-161.575","-15.370","-160.724","-7.159"
"6660","-161.626","-15.141","-161.579","-6.805"
"6661","-161.615","-14.916","-160.318","-6.667"
"6662","-161.612","-14.637","-160.649","-6.543"
"6663","-161.641","-14.239","-159.921","-6.233"
"6664","-161.561","-14.145","-160.743","-6.006"
"6665","-161.616","-14.022","-160.318","-6.070"
"6666","-161.642","-13.749","-161.293","-6.446"
"6667","-161.646","-13.391","-161.333","-6.600"
"6668","-161.646","-13.112","-161.425","-6.620"
"6669","-161.636","-12.834","-161.305","-6.890"
"6670","-161.687","-12.553","-161.389","-7.229"
"6671","-161.146","-12.442","-161.473","-7.424"
"6672","-161.470","-12.374","-161.419","-7.578"
"6673","-161.598","-12.215","-161.405","-7.915"
"6674","-161.522","-12.024","-161.485","-8.162"
"6675","-161.500","-11.785","-161.475","-8.425"
"6676","-161.536","-11.554","-161.467","-8.613"
"6677","-161.460","-11.273","-161.344","-8.497"
"6678","-161.431","-11.080","-160.621","-8.355"
"6679","-161.504","-11.009","-160.232","-8.423"
"6680","-161.483","-10.957","-160.596","-8.361"
"6681","-161.541","-10.810","-160.942","-8.141"
"6682","-161.396","-10.661","-160.982","-8.159"
"6683","-161.448","-10.491","-161.175","-7.778"
"6684","-161.506","-10.474","-160.351","-7.128"
"6685","-161.539","-10.384","-161.078","-6.920"
"6686","-161.463","-10.311","-160.972","-6.738"
"6687","-161.478","-10.122","-160.504","-6.607"
"6688","-161.424","-9.848","-160.969","-6.331"
"6689","-161.337","-9.693","-160.828","-6.232"
"6690","-161.250","-9.470","-160.258","-6.133"
"6691","-161.192","-9.283","-160.106","-6.030"
"6692","-161.396","-9.295","-160.418","-6.347"
"6693","-161.400","-9.274","-161.076","-6.988"
"6694","-161.233","-9.178","-161.113","-6.986"
"6695","-161.317","-9.093","-161.114","-6.659"
"6696","-161.339","-8.941","-161.103","-6.521"
"6697","-161.256","-8.708","-159.849","-6.592"
"6698","-161.242","-8.506","-160.722","-6.897"
"6699","-161.267","-8.339","-161.147","-6.880"
"6700","-161.351","-8.306","-160.004","-6.742"
"6701","-161.086","-8.256","-159.933","-6.701"
"6702","-161.308","-8.013","-159.306","-6.799"
"6703","-161.421","-7.873","-160.250","-6.618"
"6704","-161.353","-7.739","-160.880","-6.861"
"6705","-161.357","-7.644","-159.723","-7.118"
"6706","-161.339","-7.642","-160.169","-7.056"
"6707","-161.154","-7.675","-159.484","-6.722"
"6708","-160.878","-7.637","-160.690","-6.666"
"6709","-160.853","-7.621","-160.882","-6.798"
"6710","-161.032","-7.577","-160.846","-6.977"
"6711","-161.261","-7.584","-160.352","-6.976"
"6712","-161.333","-7.472","-159.962","-6.935"
"6713","-161.428","-7.306","-159.804","-7.005"
"6714","-161.189","-7.202","-160.117","-7.077"
"6715","-161.240","-7.066","-160.673","-7.011"
"6716","-161.182","-7.114","-160.830","-6.719"
"6717","-161.040","-7.079","-160.764","-6.766"
"6718","-160.975","-6.970","-160.597","-6.655"
"6719","-161.030","-6.784","-160.910","-6.638"
"6720","-161.034","-6.794","-160.874","-6.533"
"6721","-160.998","-6.847","-160.813","-6.555"
"6722","-161.198","-6.882","-160.671","-6.709"
"6723","-161.177","-6.831","-159.869","-6.843"
"6724","-161.079","-6.859","-160.595","-6.896"
"6725","-161.101","-6.861","-160.861","-6.822"
"6726","-161.126","-6.789","-160.890","-6.750"
"6727","-160.945","-6.659","-160.415","-6.838"
"6728","-161.164","-6.507","-159.235","-6.842"
"6729","-161.350","-6.527","-160.430","-6.763"
"6730","-160.812","-6.475","-160.769","-6.623"
"6731","-161.082","-6.364","-160.824","-6.561"
"6732","-161.035","-6.285","-160.497","-6.713"
"6733","-161.083","-6.326","-160.654","-7.028"
"6734","-161.101","-6.392","-160.727","-6.900"
"6735","-161.327","-6.350","-160.680","-6.762"
"6736","-161.092","-6.346","-159.606","-6.457"
"6737","-160.906","-6.297","-160.332","-6.331"
"6738","-161.153","-6.286","-160.688","-6.132"
"6739","-161.175","-6.200","-160.597","-6.221"
"6740","-161.179","-6.101","-160.289","-6.529"
"6741","-161.292","-6.111","-160.246","-6.576"
"6742","-161.264","-6.098","-159.364","-6.312"
"6743","-161.184","-6.118","-159.018","-6.301"
"6744","-161.138","-6.149","-160.698","-6.367"
"6745","-161.174","-6.165","-160.716","-6.233"
"6746","-161.036","-6.138","-159.812","-5.994"
"6747","-160.819","-6.021","-159.627","-5.941"
"6748","-161.164","-6.080","-160.093","-6.006"
"6749","-161.060","-6.098","-160.634","-6.212"
"6750","-161.034","-6.191","-160.704","-6.321"
"6751","-161.053","-6.191","-160.736","-6.244"
"6752","-161.195","-6.008","-160.501","-6.193"
"6753","-161.246","-5.979","-160.221","-6.065"
"6754","-161.047","-6.011","-159.742","-6.056"
"6755","-161.189","-5.869","-160.625","-5.980"
"6756","-161.018","-5.867","-160.397","-5.852"
"6757","-160.946","-5.930","-160.484","-5.895"
"6758","-161.200","-5.901","-160.514","-5.860"
"6759","-160.975","-5.906","-159.548","-6.329"
"6760","-160.750","-5.967","-159.170","-6.687"
"6761","-160.884","-5.912","-160.140","-6.877"
"6762","-160.965","-5.881","-160.474","-7.342"
"6763","-161.078","-5.868","-160.576","-7.566"
"6764","-160.918","-5.792","-160.213","-7.318"
"6765","-160.977","-5.760","-160.399","-7.316"
"6766","-160.941","-5.645","-160.436","-7.728"
"6767","-160.960","-5.591","-159.743","-7.982"
"6768","-160.866","-5.572","-160.459","-7.933"
"6769","-161.033","-5.613","-160.423","-7.618"
"6770","-160.961","-5.587","-160.314","-7.570"
"6771","-161.070","-5.473","-160.278","-7.315"
"6772","-161.041","-5.401","-160.503","-7.272"
"6773","-160.780","-5.352","-160.200","-7.403"
"6774","-160.675","-5.327","-159.535","-7.572"
"6775","-160.661","-5.367","-159.770","-7.701"
"6776","-160.861","-5.361","-159.557","-7.690"
"6777","-160.633","-5.490","-159.929","-7.581"
"6778","-160.844","-5.573","-159.156","-7.460"
"6779","-160.775","-5.683","-158.140","-7.400"
"6780","-160.961","-5.611","-157.598","-7.371"
"6781","-160.870","-5.415","-157.523","-7.142"
"6782","-160.965","-5.384","-157.839","-6.899"
"6783","-160.911","-5.388","-158.588","-6.866"
"6784","-160.886","-5.302","-159.182","-7.018"
"6785","-160.894","-5.376","-159.007","-7.086"
"6786","-160.643","-5.548","-159.032","-7.135"
"6787","-160.887","-5.727","-159.365","-7.015"
"6788","-160.978","-5.850","-159.159","-7.034"
"6789","-160.990","-5.906","-158.473","-7.062"
"6790","-160.942","-5.889","-158.717","-6.972"
"6791","-161.113","-5.848","-159.366","-6.910"
"6792","-160.743","-5.887","-158.783","-6.833"
"6793","-160.609","-6.000","-158.233","-6.858"
"6794","-160.794","-5.915","-159.559","-7.078"
"6795","-160.690","-5.795","-160.069","-7.182"
"6796","-160.498","-5.680","-160.193","-7.340"
"6797","-160.985","-5.610","-159.728","-7.252"
"6798","-161.106","-5.576","-159.486","-7.208"
"6799","-161.102","-5.492","-159.393","-7.490"
"6800","-160.834","-5.506","-159.040","-7.798"
"6801","-160.838","-5.510","-159.212","-7.741"
"6802","-160.951","-5.440","-159.285","-7.681"
"6803","-160.879","-5.487","-160.007","-7.506"
"6804","-160.872","-5.549","-160.181","-7.376"
"6805","-160.875","-5.547","-160.041","-7.351"
"6806","-160.958","-5.717","-159.106","-7.458"
"6807","-161.047","-5.777","-158.410","-7.371"
"6808","-160.939","-5.829","-158.360","-7.337"
"6809","-160.721","-5.813","-159.754","-7.183"
"6810","-160.790","-5.739","-159.294","-7.173"
"6811","-160.605","-5.745","-158.923","-7.116"
"6812","-160.835","-5.802","-159.671","-6.884"
"6813","-160.883","-5.781","-160.458","-6.810"
"6814","-160.738","-5.770","-159.844","-6.752"
"6815","-160.960","-5.848","-159.969","-7.091"
"6816","-160.982","-5.914","-160.350","-7.173"
"6817","-160.822","-5.731","-159.977","-7.443"
"6818","-161.047","-5.657","-159.931","-7.490"
"6819","-160.677","-5.628","-160.039","-7.188"
"6820","-160.831","-5.473","-159.920","-7.247"
"6821","-160.934","-5.287","-160.261","-7.172"
"6822","-160.763","-5.324","-159.629","-7.034"
"6823","-160.767","-5.237","-159.019","-7.153"
"6824","-161.004","-5.284","-159.468","-7.324"
"6825","-161.084","-5.204","-159.002","-7.511"
"6826","-161.009","-5.035","-159.336","-7.345"
"6827","-161.096","-5.036","-160.100","-7.144"
"6828","-161.085","-4.934","-159.956","-7.059"
"6829","-160.893","-5.020","-159.886","-7.166"
"6830","-160.875","-5.118","-160.130","-7.238"
"6831","-161.046","-5.071","-159.237","-7.419"
"6832","-161.086","-5.005","-159.333","-7.355"
"6833","-161.068","-5.063","-159.739","-7.345"
"6834","-160.989","-5.114","-159.489","-7.682"
"6835","-160.942","-5.161","-158.463","-7.883"
"6836","-160.849","-5.241","-158.807","-7.784"
"6837","-161.096","-5.981","-159.837","-7.635"
"6838","-160.755","-8.790","-159.611","-7.605"
"6839","-160.944","-11.475","-159.653","-7.602"
"6840","-160.995","-15.052","-159.622","-7.407"
"6841","-160.970","-19.916","-159.632","-7.608"
"6842","-161.083","-25.509","-158.970","-7.738"
"6843","-160.960","-28.940","-158.816","-7.585"
"6844","-160.953","-29.966","-159.445","-7.531"
"6845","-160.659","-30.094","-159.026","-7.393"
"6846","-160.885","-29.338","-159.572","-7.626"
"6847","-160.693","-28.145","-160.108","-7.749"
"6848","-160.976","-26.757","-159.923","-7.887"
"6849","-161.053","-25.527","-159.882","-7.971"
"6850","-160.992","-24.471","-158.705","-7.878"
"6851","-160.916","-23.651","-158.369","-7.869"
"6852","-161.072","-22.846","-158.270","-7.888"
"6853","-161.076","-22.063","-158.850","-8.083"
"6854","-160.786","-21.168","-158.850","-8.242"
"6855","-161.073","-20.413","-158.844","-8.340"
"6856","-161.197","-19.705","-159.170","-8.227"
"6857","-161.288","-19.128","-159.250","-8.161"
"6858","-161.220","-18.542","-159.333","-8.214"
"6859","-161.122","-18.039","-158.856","-8.298"
"6860","-161.035","-17.479","-159.042","-8.055"
"6861","-160.767","-17.057","-159.244","-8.398"
"6862","-160.691","-16.521","-158.843","-8.602"
"6863","-160.804","-16.045","-158.617","-8.110"
"6864","-160.931","-15.709","-157.889","-7.986"
"6865","-161.004","-15.308","-158.195","-8.060"
"6866","-161.041","-14.944","-158.930","-7.984"
"6867","-161.197","-14.482","-158.003","-7.903"
"6868","-161.467","-14.110","-158.663","-7.734"
"6869","-161.365","-13.932","-158.529","-8.014"
"6870","-161.282","-13.678","-158.224","-8.064"
"6871","-160.868","-13.375","-159.117","-8.084"
"6872","-160.842","-13.066","-158.897","-8.434"
"6873","-161.068","-12.823","-159.440","-8.409"
"6874","-161.418","-12.736","-160.109","-8.353"
"6875","-161.207","-12.617","-159.406","-7.964"
"6876","-161.164","-12.704","-157.855","-7.519"
"6877","-161.255","-12.655","-158.566","-7.955"
"6878","-161.295","-12.514","-159.092","-8.292"
"6879","-161.412","-12.392","-159.727","-8.020"
"6880","-161.285","-12.211","-158.581","-7.992"
"6881","-161.253","-11.936","-159.841","-8.267"
"6882","-161.085","-11.825","-159.880","-8.411"
"6883","-160.533","-11.803","-157.867","-8.247"
"6884","-160.563","-11.743","-158.458","-8.092"
"6885","-160.915","-11.678","-158.921","-7.900"
"6886","-161.240","-11.574","-157.292","-7.488"
"6887","-161.366","-11.415","-157.795","-7.238"
"6888","-161.385","-11.272","-158.383","-6.988"
"6889","-161.476","-11.073","-159.159","-6.579"
"6890","-161.306","-11.051","-159.081","-6.278"
"6891","-161.226","-10.982","-158.638","-6.486"
"6892","-161.339","-10.990","-157.928","-6.821"
"6893","-161.150","-10.964","-159.290","-6.702"
"6894","-160.133","-10.826","-158.546","-6.543"
"6895","-160.489","-10.731","-158.258","-6.557"
"6896","-161.249","-10.661","-158.889","-6.461"
"6897","-161.427","-10.458","-158.553","-5.971"
"6898","-161.326","-10.239","-158.282","-5.849"
"6899","-161.213","-10.341","-159.264","-5.645"
"6900","-161.471","-10.520","-159.145","-5.752"
"6901","-161.526","-10.495","-159.203","-5.873"
"6902","-160.905","-10.254","-159.362","-5.927"
"6903","-161.094","-10.150","-159.479","-5.848"
"6904","-161.011","-10.083","-159.142","-5.912"
"6905","-161.444","-10.015","-159.070","-5.848"
"6906","-161.488","-10.095","-158.930","-6.206"
"6907","-161.335","-10.245","-159.170","-6.465"
"6908","-161.350","-10.207","-159.418","-6.716"
"6909","-161.383","-10.193","-159.195","-6.901"
"6910","-161.467","-10.068","-159.584","-6.701"
"6911","-161.126","-10.054","-158.423","-6.446"
"6912","-160.762","-9.954","-158.653","-6.248"
"6913","-161.217","-9.816","-158.015","-6.318"
"6914","-161.562","-9.829","-158.540","-6.542"
"6915","-161.370","-9.711","-158.760","-6.851"
"6916","-160.796","-9.635","-158.654","-7.036"
"6917","-161.193","-9.659","-159.077","-7.287"
"6918","-161.578","-9.678","-158.957","-7.159"
"6919","-161.666","-9.597","-158.453","-7.239"
"6920","-161.310","-9.540","-158.223","-7.278"
"6921","-161.452","-9.432","-159.552","-7.041"
"6922","-161.623","-9.241","-158.591","-6.819"
"6923","-161.147","-9.325","-158.660","-6.995"
"6924","-161.572","-9.308","-159.693","-7.137"
"6925","-161.649","-9.292","-159.106","-7.106"
"6926","-161.686","-9.384","-158.526","-6.752"
"6927","-161.813","-9.496","-158.743","-6.324"
"6928","-161.788","-9.456","-159.790","-5.857"
"6929","-161.381","-9.550","-158.805","-5.373"
"6930","-161.472","-9.528","-158.830","-5.210"
"6931","-161.323","-9.447","-159.375","-5.499"
"6932","-161.531","-9.342","-159.527","-5.500"
"6933","-161.851","-9.317","-159.404","-5.300"
"6934","-161.746","-9.282","-159.126","-5.245"
"6935","-161.168","-9.210","-160.009","-5.483"
"6936","-161.070","-9.187","-160.071","-5.426"
"6937","-161.438","-9.074","-160.038","-5.279"
"6938","-161.602","-9.105","-159.024","-5.713"
"6939","-161.587","-9.209","-160.014","-6.446"
"6940","-161.697","-9.174","-159.849","-6.728"
"6941","-161.733","-9.032","-159.546","-6.655"
"6942","-160.803","-8.966","-159.794","-6.873"
"6943","-161.385","-8.917","-159.728","-6.873"
"6944","-161.876","-8.925","-158.435","-7.007"
"6945","-162.105","-8.772","-159.859","-7.243"
"6946","-159.877","-8.709","-159.845","-7.202"
"6947","-161.473","-8.638","-159.472","-7.702"
"6948","-161.833","-8.675","-159.830","-7.593"
"6949","-161.703","-8.618","-159.737","-7.696"
"6950","-161.935","-8.601","-159.948","-7.848"
"6951","-162.019","-8.691","-160.348","-7.874"
"6952","-162.045","-8.708","-160.758","-8.047"
"6953","-161.449","-8.576","-160.249","-8.224"
"6954","-161.849","-8.530","-160.003","-8.277"
"6955","-162.038","-8.551","-160.297","-8.143"
"6956","-162.173","-8.544","-160.523","-8.096"
"6957","-162.221","-8.544","-159.612","-8.118"
"6958","-162.170","-8.511","-159.732","-8.114"
"6959","-161.981","-8.421","-159.958","-7.855"
"6960","-161.967","-8.365","-160.633","-6.505"
"6961","-161.920","-8.359","-159.994","-4.251"
"6962","-162.061","-8.297","-159.826","-1.372"
"6963","-162.221","-8.270","-159.781","0.569"
"6964","-162.334","-8.334","-160.070","2.212"
"6965","-162.313","-8.498","-160.637","3.702"
"6966","-162.037","-8.714","-160.554","4.872"
"6967","-162.109","-8.753","-160.485","5.840"
"6968","-162.386","-8.815","-160.685","6.625"
"6969","-162.415","-8.743","-160.980","7.234"
"6970","-162.387","-8.652","-161.245","7.791"
"6971","-161.900","-8.572","-161.289","8.341"
"6972","-162.125","-8.512","-161.238","8.846"
"6973","-162.335","-8.453","-161.311","9.307"
"6974","-162.379","-8.339","-161.660","9.757"
"6975","-162.652","-8.321","-161.769","10.143"
"6976","-162.547","-8.209","-161.864","10.460"
"6977","-162.445","-8.131","-162.031","10.697"
"6978","-162.703","-8.092","-162.111","10.966"
"6979","-162.751","-8.038","-162.260","11.224"
"6980","-162.879","-8.024","-162.264","11.472"
"6981","-163.061","-8.118","-162.254","11.738"
"6982","-163.098","-8.325","-162.276","11.910"
"6983","-163.020","-8.246","-162.347","12.110"
"6984","-162.989","-8.210","-162.498","12.384"
"6985","-163.225","-8.202","-162.549","12.614"
"6986","-161.485","-8.153","-162.600","12.827"
"6987","-162.498","-8.091","-162.662","12.989"
"6988","-162.968","-8.105","-162.710","13.175"
"6989","-163.525","-8.096","-162.761","13.334"
"6990","-163.717","-8.038","-162.838","13.479"
"6991","-163.870","-7.958","-162.863","13.565"
"6992","-163.852","-8.005","-162.892","13.627"
"6993","-163.932","-7.993","-162.987","13.748"
"6994","-163.533","-7.885","-163.061","13.854"
"6995","-163.737","-7.840","-163.123","13.929"
"6996","-164.166","-7.848","-163.228","14.011"
"6997","-164.220","-7.785","-163.297","14.133"
"6998","-164.271","-7.768","-163.351","14.243"
"6999","-164.082","-7.729","-163.453","14.356"
"7000","-163.825","-7.735","-163.570","14.461"
"7001","-164.461","-7.628","-163.745","14.545"
"7002","-164.156","-7.549","-163.865","14.572"
"7003","-164.094","-7.619","-163.887","14.619"
"7004","-164.298","-7.633","-163.928","14.699"
"7005","-164.375","-7.645","-164.008","14.822"
"7006","-164.786","-7.674","-164.125","14.953"
"7007","-164.924","-7.678","-164.176","15.065"
"7008","-165.135","-7.627","-164.274","15.190"
"7009","-165.280","-7.606","-164.397","15.296"
"7010","-165.372","-7.589","-164.521","15.391"
"7011","-165.379","-7.485","-164.619","15.444"
"7012","-165.390","-7.437","-164.688","15.517"
"7013","-165.717","-7.448","-164.768","15.587"
"7014","-165.735","-7.575","-164.801","15.614"
"7015","-164.724","-7.699","-164.822","15.675"
"7016","-165.592","-7.742","-164.869","15.763"
"7017","-166.015","-7.738","-165.121","15.780"
"7018","-166.103","-7.764","-165.303","15.763"
"7019","-166.311","-7.786","-165.340","15.762"
"7020","-166.282","-7.899","-165.435","15.844"
"7021","-166.417","-7.955","-165.592","15.883"
"7022","-166.722","-7.990","-165.661","15.913"
"7023","-166.994","-7.979","-165.780","15.926"
"7024","-167.030","-8.042","-165.889","15.979"
"7025","-167.002","-8.078","-165.962","16.029"
"7026","-166.959","-8.018","-166.094","16.088"
"7027","-166.886","-8.059","-166.126","16.137"
"7028","-166.882","-8.076","-166.137","16.156"
"7029","-166.617","-8.076","-166.239","16.182"
"7030","-166.726","-8.084","-166.388","16.165"
"7031","-167.413","-8.158","-166.450","16.124"
"7032","-166.570","-8.255","-166.519","16.055"
"7033","-166.987","-8.189","-166.602","15.939"
"7034","-167.399","-8.193","-166.668","15.903"
"7035","-167.348","-8.096","-166.643","15.789"
"7036","-167.745","-8.040","-166.789","15.530"
"7037","-167.803","-8.053","-166.953","15.324"
"7038","-167.836","-7.956","-167.102","15.305"
"7039","-167.879","-8.011","-167.182","15.343"
"7040","-168.225","-7.974","-167.287","15.421"
"7041","-167.774","-7.870","-167.367","15.516"
"7042","-168.108","-7.849","-167.454","15.587"
"7043","-168.457","-7.882","-167.527","15.593"
"7044","-168.607","-8.007","-167.589","15.617"
"7045","-168.549","-8.196","-167.633","15.608"
"7046","-168.396","-8.198","-167.680","15.695"
"7047","-168.556","-8.271","-167.883","15.722"
"7048","-168.578","-8.227","-168.094","15.723"
"7049","-168.920","-8.145","-168.247","15.734"
"7050","-168.982","-8.042","-168.357","15.792"
"7051","-168.400","-7.941","-168.418","15.785"
"7052","-168.437","-8.002","-168.680","15.760"
"7053","-168.993","-8.023","-168.728","15.769"
"7054","-169.237","-8.037","-168.833","15.846"
"7055","-169.346","-8.132","-168.957","15.831"
"7056","-169.634","-8.066","-168.968","15.676"
"7057","-169.405","-7.979","-168.991","15.580"
"7058","-169.776","-7.732","-169.122","15.450"
"7059","-170.142","-7.611","-169.340","15.280"
"7060","-170.173","-7.514","-169.344","15.173"
"7061","-170.174","-7.380","-169.380","15.115"
"7062","-170.213","-7.328","-169.537","15.051"
"7063","-169.184","-7.273","-169.664","15.012"
"7064","-169.978","-7.225","-169.588","14.967"
"7065","-170.509","-7.306","-169.700","15.023"
"7066","-170.357","-7.307","-169.835","15.049"
"7067","-170.143","-7.328","-169.897","15.107"
"7068","-169.776","-7.323","-169.927","15.107"
"7069","-170.600","-7.574","-169.989","15.075"
"7070","-170.315","-9.132","-170.124","15.101"
"7071","-170.041","-10.483","-170.288","15.163"
"7072","-170.429","-11.689","-170.378","15.279"
"7073","-170.839","-12.338","-170.402","15.375"
"7074","-171.135","-12.711","-170.542","15.428"
"7075","-171.272","-12.976","-170.585","15.474"
"7076","-171.221","-13.205","-170.777","15.588"
"7077","-171.362","-13.215","-170.878","15.646"
"7078","-171.354","-12.835","-170.870","15.659"
"7079","-171.791","-12.438","-170.890","15.723"
"7080","-171.947","-12.102","-171.034","15.736"
"7081","-171.760","-11.938","-171.116","15.790"
"7082","-171.635","-11.805","-171.175","15.870"
"7083","-171.838","-11.582","-171.195","15.931"
"7084","-171.909","-11.359","-171.242","16.015"
"7085","-172.011","-11.313","-171.274","16.071"
"7086","-171.972","-11.218","-171.574","16.062"
"7087","-172.210","-11.027","-171.656","15.998"
"7088","-171.832","-10.792","-171.711","15.942"
"7089","-171.972","-10.564","-171.816","15.847"
"7090","-172.175","-10.469","-171.984","15.802"
"7091","-172.635","-10.481","-172.089","15.836"
"7092","-171.675","-10.427","-172.124","15.862"
"7093","-172.471","-10.256","-172.167","15.800"
"7094","-172.795","-10.116","-172.272","15.753"
"7095","-173.076","-9.979","-172.335","15.776"
"7096","-172.514","-9.886","-172.315","15.813"
"7097","-172.842","-9.767","-172.000","15.828"
"7098","-172.624","-9.575","-172.289","15.893"
"7099","-173.256","-9.511","-172.562","15.975"
"7100","-172.500","-9.369","-172.671","16.138"
"7101","-173.334","-9.318","-172.695","16.239"
"7102","-173.701","-9.209","-172.706","16.410"
"7103","-173.830","-9.143","-172.784","16.496"
"7104","-173.927","-9.044","-172.862","16.466"
"7105","-173.775","-8.962","-172.944","16.480"
"7106","-173.736","-8.861","-173.006","16.482"
"7107","-173.755","-8.698","-173.026","16.517"
"7108","-173.841","-8.585","-173.279","16.580"
"7109","-173.209","-8.774","-173.311","16.577"
"7110","-173.708","-8.738","-173.337","16.586"
"7111","-174.208","-8.700","-173.451","16.640"
"7112","-174.193","-8.616","-173.646","16.651"
"7113","-174.239","-8.531","-173.697","16.657"
"7114","-174.056","-8.410","-173.705","16.726"
"7115","-174.212","-8.381","-173.697","16.778"
"7116","-173.166","-8.379","-173.681","16.876"
"7117","-173.981","-8.351","-173.852","16.949"
"7118","-174.247","-8.258","-173.966","16.999"
"7119","-174.603","-8.292","-173.877","17.052"
"7120","-174.072","-8.208","-173.971","17.058"
"7121","-174.724","-8.115","-174.154","17.039"
"7122","-174.454","-8.132","-174.232","17.032"
"7123","-174.567","-8.241","-174.286","17.077"
"7124","-174.816","-8.134","-174.345","17.096"
"7125","-174.368","-7.928","-174.396","17.148"
"7126","-174.225","-7.862","-174.397","17.166"
"7127","-174.740","-7.691","-174.440","17.270"
"7128","-174.748","-7.576","-174.369","17.341"
"7129","-174.893","-7.640","-174.307","17.362"
"7130","-174.823","-7.685","-174.417","17.390"
"7131","-174.589","-7.327","-174.495","17.369"
"7132","-175.076","-6.931","-174.581","17.278"
"7133","-175.240","-6.491","-174.659","17.239"
"7134","-174.467","-6.055","-174.690","17.242"
"7135","-175.122","-5.792","-174.697","17.190"
"7136","-175.181","-5.555","-174.518","17.151"
"7137","-174.912","-5.244","-174.736","17.207"
"7138","-175.294","-5.108","-175.029","17.203"
"7139","-175.536","-5.022","-175.119","17.111"
"7140","-174.800","-4.964","-175.233","17.072"
"7141","-175.116","-4.812","-175.162","17.083"
"7142","-175.361","-4.824","-174.952","17.042"
"7143","-175.350","-4.809","-175.131","16.967"
"7144","-175.506","-4.661","-175.241","16.876"
"7145","-175.573","-5.036","-175.350","16.775"
"7146","-175.678","-5.437","-175.377","16.721"
"7147","-175.670","-5.554","-175.420","16.592"
"7148","-175.916","-5.560","-175.483","16.478"
"7149","-175.791","-5.713","-175.588","16.430"
"7150","-175.810","-6.373","-175.682","16.327"
"7151","-175.483","-6.797","-175.674","16.336"
"7152","-175.214","-7.515","-175.690","16.316"
"7153","-175.128","-7.968","-175.709","16.299"
"7154","-175.592","-8.096","-175.674","16.267"
"7155","-175.611","-8.207","-175.724","16.316"
"7156","-175.611","-8.316","-175.725","16.349"
"7157","-175.663","-8.388","-175.788","16.349"
"7158","-175.647","-8.352","-175.663","16.317"
"7159","-175.776","-8.248","-175.667","16.196"
"7160","-175.378","-8.165","-175.663","16.071"
"7161","-175.729","-8.005","-175.892","15.886"
"7162","-175.666","-7.913","-175.783","15.787"
"7163","-175.232","-7.754","-175.704","15.759"
"7164","-175.865","-7.719","-175.467","15.724"
"7165","-175.822","-7.631","-175.787","15.615"
"7166","-175.814","-7.561","-175.775","15.537"
"7167","-175.631","-7.606","-175.678","15.445"
"7168","-175.221","-7.573","-175.655","15.361"
"7169","-175.600","-7.468","-175.596","15.283"
"7170","-175.581","-7.301","-175.885","15.255"
"7171","-175.885","-7.145","-175.686","15.236"
"7172","-175.628","-7.221","-175.823","15.204"
"7173","-175.932","-7.461","-175.843","15.277"
"7174","-176.104","-7.618","-175.788","15.325"
"7175","-175.757","-7.677","-175.796","15.335"
"7176","-175.632","-7.612","-175.714","15.430"
"7177","-175.577","-7.721","-175.882","15.480"
"7178","-175.343","-7.863","-175.944","15.452"
"7179","-175.440","-8.169","-175.764","15.434"
"7180","-175.608","-8.404","-175.842","15.539"
"7181","-175.433","-8.400","-175.893","15.576"
"7182","-175.960","-8.486","-175.909","15.566"
"7183","-175.754","-8.576","-175.972","15.540"
"7184","-175.929","-8.568","-176.054","15.510"
"7185","-176.042","-8.650","-176.128","15.405"
"7186","-176.206","-8.870","-176.191","15.357"
"7187","-176.401","-8.973","-176.277","15.342"
"7188","-176.257","-9.117","-176.503","15.390"
"7189","-176.421","-9.068","-176.487","15.424"
"7190","-176.370","-9.130","-176.468","15.465"
"7191","-176.237","-9.089","-176.335","15.487"
"7192","-176.358","-8.848","-176.429","15.515"
"7193","-176.534","-8.605","-176.448","15.540"
"7194","-176.405","-8.494","-176.515","15.560"
"7195","-176.168","-8.370","-176.550","15.581"
"7196","-176.480","-8.292","-176.495","15.633"
"7197","-176.285","-8.222","-176.597","15.618"
"7198","-175.668","-8.152","-176.480","15.456"
"7199","-176.311","-8.074","-176.339","15.346"
"7200","-176.460","-7.961","-176.230","15.217"
"7201","-176.401","-7.883","-176.541","15.159"
"7202","-176.401","-7.786","-176.651","15.084"
"7203","-176.495","-7.556","-176.639","15.013"
"7204","-176.097","-7.391","-176.445","14.964"
"7205","-176.581","-7.300","-176.546","14.877"
"7206","-176.085","-7.214","-176.705","14.873"
"7207","-176.436","-7.138","-176.569","14.899"
"7208","-176.506","-7.068","-176.740","14.916"
"7209","-176.584","-7.035","-176.592","14.955"
"7210","-176.179","-6.971","-176.772","14.987"
"7211","-176.163","-6.924","-176.577","14.944"
"7212","-176.315","-6.879","-176.362","14.920"
"7213","-176.549","-6.872","-176.651","14.957"
"7214","-176.506","-6.848","-176.647","14.933"
"7215","-176.463","-6.801","-176.693","14.838"
"7216","-176.350","-6.671","-176.646","14.795"
"7217","-176.533","-6.665","-176.861","14.760"
"7218","-176.396","-6.618","-176.798","14.720"
"7219","-176.349","-6.517","-176.657","14.689"
"7220","-176.267","-6.517","-176.645","14.695"
"7221","-176.657","-6.489","-176.715","14.730"
"7222","-176.559","-6.530","-176.813","14.773"
"7223","-176.559","-6.517","-176.770","14.837"
"7224","-176.790","-6.322","-176.817","14.835"
"7225","-175.998","-6.098","-176.755","14.797"
"7226","-176.532","-6.056","-176.598","14.762"
"7227","-176.739","-6.046","-176.735","14.781"
"7228","-176.688","-6.087","-176.875","14.820"
"7229","-175.993","-6.143","-176.809","14.859"
"7230","-176.293","-6.160","-176.582","14.910"
"7231","-176.730","-6.386","-176.625","14.957"
"7232","-176.726","-7.234","-176.687","14.988"
"7233","-176.551","-7.711","-176.773","15.044"
"7234","-176.617","-7.723","-176.762","15.068"
"7235","-176.060","-8.046","-176.824","15.130"
"7236","-176.422","-8.164","-176.773","15.154"
"7237","-176.262","-8.413","-176.855","15.211"
"7238","-176.031","-8.763","-176.788","15.300"
"7239","-176.367","-8.810","-176.542","15.405"
"7240","-176.538","-8.940","-176.827","15.457"
"7241","-176.511","-9.023","-176.811","15.493"
"7242","-176.448","-9.039","-176.768","15.478"
"7243","-176.737","-8.963","-176.912","15.469"
"7244","-176.873","-9.194","-176.889","15.471"
"7245","-176.928","-9.475","-176.951","15.443"
"7246","-177.010","-9.803","-177.041","15.430"
"7247","-177.010","-9.864","-177.041","15.385"
"7248","-177.076","-10.049","-177.060","15.295"
"7249","-177.298","-10.780","-177.138","15.264"
"7250","-177.185","-11.272","-177.216","15.241"
"7251","-177.173","-11.633","-177.278","15.198"
"7252","-176.970","-11.834","-177.255","15.252"
"7253","-177.079","-11.593","-177.150","15.221"
"7254","-176.572","-11.406","-177.115","15.189"
"7255","-177.040","-11.155","-177.095","15.180"
"7256","-176.986","-10.858","-177.087","15.198"
"7257","-177.188","-10.633","-177.114","15.212"
"7258","-177.216","-10.483","-177.169","15.180"
"7259","-177.172","-10.394","-177.118","15.096"
"7260","-177.126","-10.256","-177.293","15.023"
"7261","-176.962","-10.103","-177.305","14.991"
"7262","-176.731","-10.124","-177.008","14.949"
"7263","-176.996","-10.035","-177.066","14.895"
"7264","-176.668","-9.896","-177.113","14.816"
"7265","-176.590","-9.816","-177.129","14.799"
"7266","-176.805","-9.734","-177.121","14.766"
"7267","-176.594","-9.639","-177.058","14.699"
"7268","-177.000","-9.588","-177.086","14.652"
"7269","-176.224","-9.390","-177.226","14.631"
"7270","-176.660","-9.203","-176.734","14.587"
"7271","-177.113","-9.086","-177.035","14.519"
"7272","-176.672","-8.872","-177.132","14.447"
"7273","-176.735","-8.732","-177.179","14.398"
"7274","-176.684","-8.602","-177.003","14.389"
"7275","-177.011","-8.479","-177.101","14.294"
"7276","-175.704","-8.401","-177.132","14.295"
"7277","-176.547","-8.384","-177.011","14.294"
"7278","-176.500","-8.487","-177.077","14.297"
"7279","-176.796","-8.539","-177.026","14.283"
"7280","-176.570","-8.469","-177.202","14.322"
"7281","-176.741","-8.416","-177.127","14.348"
"7282","-176.909","-8.251","-177.151","14.337"
"7283","-176.873","-8.016","-177.107","14.279"
"7284","-177.045","-7.813","-177.014","14.199"
"7285","-176.881","-7.656","-177.084","14.160"
"7286","-177.041","-7.553","-177.119","14.119"
"7287","-177.045","-7.432","-177.088","14.087"
"7288","-176.538","-7.377","-177.115","14.091"
"7289","-176.268","-7.332","-177.021","14.027"
"7290","-177.044","-7.188","-177.048","13.953"
"7291","-177.142","-7.142","-177.165","13.938"
"7292","-177.309","-7.048","-177.208","13.927"
"7293","-177.060","-6.908","-177.220","13.884"
"7294","-176.752","-6.753","-177.173","13.867"
"7295","-176.915","-6.611","-177.056","13.845"
"7296","-176.771","-6.552","-177.095","13.897"
"7297","-176.682","-6.650","-177.005","13.966"
"7298","-176.615","-6.564","-176.857","14.041"
"7299","-176.576","-6.519","-177.013","14.084"
"7300","-176.619","-6.418","-177.013","14.125"
"7301","-176.747","-6.365","-176.864","14.185"
"7302","-176.310","-6.326","-177.086","14.256"
"7303","-176.615","-6.254","-176.911","14.300"
"7304","-176.685","-6.317","-176.989","14.293"
"7305","-177.017","-6.552","-176.911","14.233"
"7306","-176.712","-7.221","-176.939","14.166"
"7307","-176.720","-7.768","-176.798","14.199"
"7308","-176.541","-8.056","-177.024","14.224"
"7309","-176.704","-8.328","-176.416","14.259"
"7310","-176.564","-8.892","-176.700","14.299"
"7311","-176.357","-9.347","-177.059","14.345"
"7312","-176.489","-9.538","-176.910","14.374"
"7313","-177.005","-9.661","-176.958","14.301"
"7314","-176.338","-9.620","-176.927","14.196"
"7315","-176.602","-9.528","-176.813","14.170"
"7316","-176.598","-9.736","-176.922","14.133"
"7317","-176.603","-9.521","-176.817","14.095"
"7318","-176.700","-9.398","-176.739","14.125"
"7319","-176.934","-9.979","-176.849","14.134"
"7320","-176.423","-10.059","-177.016","14.145"
"7321","-176.455","-10.212","-176.942","14.151"
"7322","-176.731","-10.533","-176.829","14.189"
"7323","-177.078","-10.363","-177.012","14.200"
"7324","-177.215","-10.573","-177.157","14.121"
"7325","-177.200","-11.402","-177.247","14.022"
"7326","-177.075","-12.551","-177.336","14.045"
"7327","-177.090","-13.726","-177.352","14.112"
"7328","-177.168","-14.429","-177.242","14.172"
"7329","-176.997","-14.433","-177.305","14.194"
"7330","-177.172","-14.431","-177.297","14.207"
"7331","-177.183","-14.314","-177.421","14.265"
"7332","-177.242","-14.206","-177.375","14.332"
"7333","-177.005","-14.111","-177.387","14.407"
"7334","-177.247","-13.848","-177.345","14.493"
"7335","-177.013","-13.758","-177.446","14.537"
"7336","-177.375","-13.692","-177.461","14.612"
"7337","-177.364","-13.752","-177.461","14.640"
"7338","-176.579","-13.750","-177.461","14.691"
"7339","-177.079","-13.603","-177.211","14.728"
"7340","-177.282","-13.487","-177.317","14.708"
"7341","-177.141","-13.207","-177.450","14.719"
"7342","-177.051","-13.117","-177.371","14.764"
"7343","-177.204","-12.908","-177.371","14.722"
"7344","-176.989","-12.569","-177.360","14.650"
"7345","-176.939","-12.201","-177.317","14.622"
"7346","-176.931","-11.941","-177.208","14.579"
"7347","-177.032","-11.748","-177.294","14.509"
"7348","-177.173","-11.362","-177.271","14.472"
"7349","-177.114","-10.942","-177.255","14.425"
"7350","-177.208","-10.665","-177.228","14.461"
"7351","-177.208","-10.454","-177.302","14.492"
"7352","-176.783","-10.215","-177.286","14.468"
"7353","-176.885","-9.918","-177.239","14.459"
"7354","-176.764","-9.644","-177.189","14.419"
"7355","-176.842","-9.414","-177.131","14.363"
"7356","-177.049","-9.224","-177.189","14.283"
"7357","-177.096","-9.035","-177.201","14.248"
"7358","-177.146","-8.825","-177.146","14.242"
"7359","-176.919","-8.682","-177.165","14.280"
"7360","-177.040","-8.534","-177.060","14.341"
"7361","-177.028","-8.394","-177.235","14.364"
"7362","-176.982","-8.311","-177.231","14.403"
"7363","-176.858","-8.175","-177.107","14.429"
"7364","-176.823","-7.996","-177.108","14.462"
"7365","-176.960","-7.860","-177.084","14.512"
"7366","-176.850","-7.734","-177.194","14.522"
"7367","-176.955","-7.728","-177.115","14.429"
"7368","-176.896","-7.743","-177.045","14.418"
"7369","-177.010","-7.716","-177.099","14.423"
"7370","-176.916","-7.634","-177.142","14.431"
"7371","-176.889","-7.477","-177.080","14.436"
"7372","-176.822","-7.317","-177.146","14.442"
"7373","-176.975","-7.266","-177.002","14.479"
"7374","-176.491","-7.251","-177.111","14.496"
"7375","-176.686","-7.130","-177.061","14.539"
"7376","-176.974","-7.060","-176.986","14.558"
"7377","-176.689","-7.056","-176.732","14.595"
"7378","-176.136","-7.159","-176.834","14.631"
"7379","-176.900","-7.192","-177.037","14.535"
"7380","-176.693","-7.101","-177.095","14.522"
"7381","-176.970","-7.159","-176.892","14.610"
"7382","-176.892","-7.285","-177.071","14.650"
"7383","-176.572","-7.486","-176.989","14.642"
"7384","-176.588","-7.507","-176.771","14.683"
"7385","-176.888","-7.577","-176.919","14.707"
"7386","-176.825","-7.711","-177.082","14.715"
"7387","-176.528","-8.143","-176.516","14.745"
"7388","-176.840","-8.090","-177.020","14.801"
"7389","-176.871","-8.332","-177.086","14.863"
"7390","-176.754","-8.088","-177.050","14.842"
"7391","-176.984","-7.892","-176.961","14.811"
"7392","-177.238","-7.870","-177.093","14.846"
"7393","-177.210","-7.878","-177.179","14.884"
"7394","-177.187","-8.246","-177.195","14.839"
"7395","-177.199","-8.324","-177.234","14.822"
"7396","-177.156","-8.242","-177.285","14.867"
"7397","-177.172","-8.491","-177.340","14.908"
"7398","-177.055","-8.670","-177.332","14.964"
"7399","-177.063","-8.836","-177.367","14.922"
"7400","-176.832","-8.789","-176.957","14.840"
"7401","-177.102","-8.919","-177.039","14.872"
"7402","-177.133","-9.240","-177.090","14.902"
"7403","-177.137","-9.316","-177.316","14.865"
"7404","-176.410","-9.174","-177.358","14.865"
"7405","-177.034","-9.216","-177.178","14.863"
"7406","-177.269","-9.220","-177.269","14.790"
"7407","-177.293","-9.112","-177.391","14.738"
"7408","-177.133","-9.127","-177.309","14.696"
"7409","-177.223","-9.011","-177.289","14.644"
"7410","-177.281","-9.334","-177.305","14.581"
"7411","-177.406","-9.880","-177.406","14.585"
"7412","-177.385","-10.168","-177.526","14.604"
"7413","-177.163","-10.068","-177.475","14.645"
"7414","-177.253","-9.993","-177.358","14.645"
"7415","-177.191","-9.884","-177.468","14.613"
"7416","-176.529","-9.709","-177.402","14.605"
"7417","-176.965","-9.544","-177.285","14.635"
"7418","-177.328","-9.462","-177.375","14.622"
"7419","-176.797","-9.390","-177.522","14.609"
"7420","-177.308","-9.300","-177.382","14.557"
"7421","-177.109","-9.084","-177.542","14.523"
"7422","-177.218","-8.905","-177.335","14.471"
"7423","-176.972","-8.787","-177.464","14.506"
"7424","-177.082","-8.682","-177.140","14.544"
"7425","-177.144","-8.557","-177.245","14.574"
"7426","-177.245","-8.339","-177.331","14.615"
"7427","-176.578","-8.304","-177.381","14.609"
"7428","-176.648","-8.212","-177.171","14.624"
"7429","-177.206","-8.117","-177.311","14.615"
"7430","-177.249","-8.183","-177.401","14.563"
"7431","-177.104","-8.119","-177.385","14.518"
"7432","-177.034","-8.094","-177.268","14.434"
"7433","-177.057","-8.135","-177.393","14.357"
"7434","-176.683","-8.208","-177.354","14.346"
"7435","-176.898","-8.257","-177.288","14.284"
"7436","-176.972","-8.154","-177.307","14.268"
"7437","-176.991","-8.251","-177.253","14.227"
"7438","-176.960","-8.240","-177.100","14.208"
"7439","-176.924","-8.358","-177.369","14.188"
"7440","-176.667","-8.317","-177.299","14.115"
"7441","-177.026","-8.255","-177.014","14.027"
"7442","-176.846","-8.237","-177.256","13.945"
"7443","-177.014","-8.356","-177.236","13.880"
"7444","-176.752","-8.440","-177.318","13.895"
"7445","-176.577","-8.492","-177.318","13.893"
"7446","-176.495","-8.502","-177.232","13.923"
"7447","-176.909","-8.531","-177.365","13.919"
"7448","-176.948","-8.045","-177.116","13.915"
"7449","-176.640","-7.637","-177.206","13.937"
"7450","-176.901","-7.298","-177.003","13.993"
"7451","-176.690","-6.876","-177.076","13.971"
"7452","-176.932","-6.634","-177.147","13.964"
"7453","-177.127","-6.874","-177.178","14.014"
"7454","-176.979","-7.179","-177.123","14.048"
"7455","-177.014","-7.411","-176.784","14.072"
"7456","-176.870","-7.714","-177.011","14.113"
"7457","-176.960","-7.705","-177.085","14.154"
"7458","-176.932","-7.788","-177.178","14.161"
"7459","-176.952","-7.823","-177.197","14.173"
"7460","-176.921","-7.926","-177.213","14.171"
"7461","-176.710","-8.018","-177.166","14.143"
"7462","-176.667","-8.506","-177.163","14.083"
"7463","-176.737","-8.687","-176.780","14.083"
"7464","-177.151","-8.938","-177.081","14.087"
"7465","-177.112","-8.992","-177.217","14.047"
"7466","-177.096","-8.983","-177.081","14.034"
"7467","-177.155","-9.170","-177.260","14.010"
"7468","-177.186","-9.467","-177.292","14.010"
"7469","-177.143","-9.988","-177.389","13.993"
"7470","-177.171","-10.478","-177.424","14.004"
"7471","-177.237","-10.725","-177.432","13.958"
"7472","-177.198","-10.430","-177.576","13.934"
"7473","-176.959","-10.165","-177.568","13.934"
"7474","-177.322","-10.000","-177.381","13.951"
"7475","-177.361","-9.934","-177.443","13.907"
"7476","-177.311","-9.726","-177.490","13.947"
"7477","-177.268","-9.562","-177.549","13.982"
"7478","-177.300","-9.333","-177.620","14.014"
"7479","-177.202","-9.168","-177.631","14.034"
"7480","-177.233","-9.084","-177.705","14.088"
"7481","-177.307","-9.175","-177.557","14.148"
"7482","-177.151","-9.226","-177.456","14.217"
"7483","-177.284","-9.072","-177.475","14.297"
"7484","-177.315","-8.977","-177.261","14.363"
"7485","-177.342","-8.932","-177.467","14.402"
"7486","-177.331","-8.802","-177.424","14.456"
"7487","-177.338","-8.722","-177.455","14.481"
"7488","-177.116","-8.607","-177.350","14.499"
"7489","-177.147","-8.487","-177.327","14.495"
"7490","-177.339","-8.469","-177.440","14.529"
"7491","-176.956","-8.436","-177.436","14.499"
"7492","-177.319","-8.425","-177.249","14.394"
"7493","-177.241","-8.343","-177.452","14.346"
"7494","-177.241","-8.327","-177.417","14.295"
"7495","-177.078","-8.281","-177.398","14.260"
"7496","-176.789","-8.191","-177.245","14.228"
"7497","-177.136","-8.176","-177.168","14.211"
"7498","-177.140","-8.080","-177.179","14.249"
"7499","-177.117","-7.987","-177.273","14.275"
"7500","-177.183","-7.929","-177.207","14.264"
"7501","-176.988","-7.950","-177.258","14.250"
"7502","-176.840","-7.935","-177.308","14.206"
"7503","-176.813","-7.869","-177.242","14.155"
"7504","-177.012","-7.789","-177.070","14.136"
"7505","-176.895","-8.071","-177.187","14.036"
"7506","-176.716","-8.882","-177.094","14.052"
"7507","-176.911","-8.962","-177.008","14.069"
"7508","-176.985","-9.404","-177.063","14.106"
"7509","-176.478","-9.698","-177.137","14.179"
"7510","-176.474","-9.936","-177.048","14.224"
"7511","-176.576","-9.923","-176.880","14.213"
"7512","-176.958","-9.768","-176.931","14.216"
"7513","-177.055","-9.713","-177.075","14.269"
"7514","-177.048","-9.727","-177.067","14.360"
"7515","-176.747","-9.919","-177.118","14.403"
"7516","-176.826","-9.638","-176.939","14.451"
"7517","-176.689","-9.398","-176.904","14.511"
"7518","-176.943","-9.276","-177.005","14.562"
"7519","-177.033","-9.412","-177.138","14.597"
"7520","-177.087","-10.019","-177.196","14.606"
"7521","-177.126","-9.883","-177.247","14.597"
"7522","-177.134","-9.887","-177.306","14.526"
"7523","-177.099","-10.177","-177.255","14.459"
"7524","-176.920","-10.665","-177.208","14.407"
"7525","-177.072","-10.569","-177.119","14.403"
"7526","-177.209","-10.065","-177.271","14.417"
"7527","-177.169","-9.764","-177.212","14.489"
"7528","-177.228","-9.737","-177.299","14.606"
"7529","-177.143","-9.759","-177.330","14.724"
"7530","-177.154","-9.803","-177.322","14.793"
"7531","-177.131","-9.838","-177.252","14.909"
"7532","-176.698","-9.836","-177.310","14.998"
"7533","-176.928","-10.010","-177.248","15.062"
"7534","-177.193","-10.020","-176.940","15.159"
"7535","-177.108","-10.175","-177.139","15.216"
"7536","-177.077","-10.179","-177.186","15.280"
"7537","-177.061","-10.108","-177.210","15.334"
"7538","-176.886","-10.211","-177.221","15.375"
"7539","-177.038","-10.116","-177.151","15.353"
"7540","-176.722","-10.207","-177.174","15.325"
"7541","-176.761","-10.327","-177.026","15.261"
"7542","-177.084","-10.466","-177.073","15.207"
"7543","-177.038","-10.488","-176.995","15.151"
"7544","-176.846","-10.386","-177.108","15.119"
"7545","-176.897","-10.803","-177.022","15.047"
"7546","-176.909","-10.450","-177.092","14.918"
"7547","-176.885","-10.030","-177.038","14.905"
"7548","-177.045","-9.881","-177.127","14.948"
"7549","-176.784","-9.557","-177.128","14.914"
"7550","-176.913","-9.140","-177.077","14.944"
"7551","-176.964","-9.014","-176.941","14.981"
"7552","-176.898","-8.967","-177.085","14.994"
"7553","-176.707","-8.893","-176.964","15.003"
"7554","-176.738","-8.798","-176.832","14.936"
"7555","-175.888","-8.652","-176.918","14.936"
"7556","-176.594","-8.512","-176.964","14.970"
"7557","-176.777","-8.530","-176.703","15.022"
"7558","-176.683","-8.606","-176.855","15.104"
"7559","-176.547","-8.559","-176.902","15.186"
"7560","-176.652","-8.534","-176.843","15.222"
"7561","-176.851","-8.489","-176.898","15.233"
"7562","-176.734","-8.417","-176.894","15.246"
"7563","-176.680","-8.407","-176.800","15.222"
"7564","-176.668","-8.481","-176.754","15.240"
"7565","-176.699","-8.473","-176.750","15.283"
"7566","-176.644","-8.440","-176.796","15.330"
"7567","-176.672","-8.506","-176.851","15.408"
"7568","-176.566","-8.539","-176.788","15.420"
"7569","-176.484","-8.613","-176.695","15.392"
"7570","-176.395","-8.578","-176.758","15.356"
"7571","-176.590","-8.403","-176.680","15.244"
"7572","-176.636","-8.253","-176.718","15.239"
"7573","-176.640","-8.024","-176.749","15.306"
"7574","-176.105","-7.907","-176.792","15.351"
"7575","-176.593","-7.872","-176.854","15.370"
"7576","-176.570","-7.798","-176.819","15.416"
"7577","-176.873","-7.739","-176.737","15.424"
"7578","-176.757","-7.732","-176.854","15.435"
"7579","-176.546","-7.666","-176.835","15.431"
"7580","-176.776","-7.539","-176.804","15.452"
"7581","-176.675","-7.422","-176.761","15.461"
"7582","-176.878","-7.424","-176.811","15.511"
"7583","-176.803","-7.463","-176.998","15.532"
"7584","-176.667","-7.327","-176.936","15.562"
"7585","-176.144","-7.138","-176.780","15.556"
"7586","-176.436","-7.012","-176.635","15.545"
"7587","-176.709","-7.043","-176.896","15.574"
"7588","-176.849","-6.943","-176.861","15.592"
"7589","-176.877","-6.866","-176.951","15.613"
"7590","-176.776","-6.755","-176.905","15.648"
"7591","-176.795","-6.778","-176.826","15.708"
"7592","-176.803","-6.735","-176.780","15.756"
"7593","-176.706","-6.658","-176.971","15.807"
"7594","-176.429","-6.658","-176.963","15.857"
"7595","-176.780","-6.761","-176.924","15.937"
"7596","-176.885","-6.733","-176.877","16.010"
"7597","-176.869","-6.679","-176.916","16.095"
"7598","-176.658","-6.655","-176.919","16.173"
"7599","-176.872","-6.554","-176.911","16.239"
"7600","-176.880","-6.511","-177.001","16.259"
"7601","-176.993","-6.566","-176.919","16.317"
"7602","-176.478","-6.620","-176.825","16.396"
"7603","-176.548","-6.570","-176.802","16.480"
"7604","-176.634","-6.679","-176.786","16.573"
"7605","-176.783","-6.801","-176.864","16.625"
"7606","-176.603","-6.826","-176.880","16.627"
"7607","-176.700","-6.828","-176.790","16.642"
"7608","-176.712","-6.844","-176.848","16.741"
"7609","-176.630","-6.764","-176.868","16.764"
"7610","-176.696","-6.676","-176.629","16.801"
"7611","-176.723","-6.746","-176.824","16.818"
"7612","-176.769","-6.754","-176.820","16.850"
"7613","-176.746","-6.693","-176.828","16.893"
"7614","-176.836","-6.643","-176.879","16.923"
"7615","-176.840","-6.678","-176.961","16.967"
"7616","-176.805","-6.577","-176.942","16.960"
"7617","-176.302","-6.573","-176.957","17.008"
"7618","-176.797","-6.627","-176.844","17.036"
"7619","-176.212","-6.667","-176.786","17.059"
"7620","-176.759","-6.746","-176.844","17.070"
"7621","-176.832","-6.857","-176.899","17.021"
"7622","-176.676","-6.882","-176.879","16.872"
"7623","-176.649","-6.909","-176.844","16.865"
"7624","-176.418","-6.773","-176.824","16.921"
"7625","-176.563","-6.756","-176.723","16.934"
"7626","-176.645","-6.717","-176.801","16.874"
"7627","-176.586","-6.695","-176.890","16.822"
"7628","-176.590","-6.744","-176.676","16.852"
"7629","-176.578","-6.681","-176.812","16.925"
"7630","-176.172","-6.619","-176.687","17.016"
"7631","-176.503","-6.535","-176.690","17.041"
"7632","-176.580","-6.521","-176.658","17.079"
"7633","-176.479","-6.560","-176.615","17.142"
"7634","-176.565","-6.648","-176.667","17.153"
"7635","-176.628","-6.677","-176.690","17.162"
"7636","-176.581","-6.670","-176.671","17.145"
"7637","-176.588","-6.625","-176.620","17.162"
"7638","-176.475","-6.636","-176.662","17.137"
"7639","-176.482","-6.601","-176.541","17.116"
"7640","-176.525","-6.636","-176.557","17.096"
"7641","-176.288","-6.669","-176.639","17.088"
"7642","-176.553","-6.710","-176.701","17.123"
"7643","-176.370","-6.778","-176.740","17.183"
"7644","-176.054","-6.778","-176.592","17.205"
"7645","-176.397","-6.809","-176.588","17.205"
"7646","-176.420","-6.784","-176.541","17.167"
"7647","-176.506","-6.803","-176.572","17.183"
"7648","-176.443","-6.791","-176.591","17.234"
"7649","-176.494","-6.789","-176.751","17.275"
"7650","-176.712","-6.787","-176.766","17.234"
"7651","-176.185","-6.783","-176.778","17.260"
"7652","-176.477","-6.799","-176.692","17.255"
"7653","-176.438","-6.752","-176.625","17.190"
"7654","-176.496","-6.707","-176.684","17.158"
"7655","-176.734","-6.680","-176.777","17.199"
"7656","-176.438","-6.625","-176.695","17.235"
"7657","-176.391","-6.590","-176.746","17.197"
"7658","-176.446","-6.528","-176.758","17.177"
"7659","-176.418","-6.489","-176.680","17.188"
"7660","-176.410","-6.464","-176.652","17.218"
"7661","-176.496","-6.368","-176.749","17.164"
"7662","-176.550","-6.434","-176.842","17.048"
"7663","-176.456","-6.341","-176.768","17.034"
"7664","-176.538","-6.366","-176.686","17.060"
"7665","-176.647","-6.321","-176.729","17.067"
"7666","-176.424","-6.375","-176.798","17.058"
"7667","-176.276","-6.472","-176.685","17.032"
"7668","-176.358","-6.469","-176.701","16.998"
"7669","-176.463","-6.484","-176.502","16.997"
"7670","-176.283","-6.521","-176.478","16.963"
"7671","-176.239","-6.561","-176.489","16.883"
"7672","-176.333","-6.559","-176.524","16.889"
"7673","-176.169","-6.513","-176.552","16.829"
"7674","-176.430","-6.476","-176.489","16.853"
"7675","-176.130","-6.495","-176.590","16.893"
"7676","-176.449","-6.520","-176.512","16.869"
"7677","-176.535","-6.580","-176.605","16.856"
"7678","-176.180","-6.547","-176.578","16.833"
"7679","-176.453","-6.539","-176.378","16.819"
"7680","-176.491","-6.559","-176.616","16.834"
"7681","-176.168","-6.673","-176.655","16.779"
"7682","-176.437","-6.652","-176.554","16.680"
"7683","-176.417","-6.654","-176.538","16.677"
"7684","-176.222","-6.624","-176.424","16.698"
"7685","-176.463","-6.692","-176.209","16.689"
"7686","-176.424","-6.649","-176.595","16.666"
"7687","-176.170","-6.591","-176.658","16.625"
"7688","-176.428","-6.642","-176.444","16.617"
"7689","-176.431","-6.698","-176.584","16.621"
"7690","-176.423","-6.675","-176.607","16.640"
"7691","-176.361","-6.661","-176.564","16.648"
"7692","-176.361","-6.604","-176.481","16.566"
"7693","-176.528","-6.589","-176.392","16.444"
"7694","-176.415","-6.530","-176.305","16.392"
"7695","-176.610","-6.460","-176.387","16.348"
"7696","-176.289","-6.394","-176.605","16.353"
"7697","-176.457","-6.409","-176.465","16.363"
"7698","-176.530","-6.457","-176.635","16.358"
"7699","-176.354","-6.411","-176.678","16.358"
"7700","-176.291","-6.403","-176.526","16.380"
"7701","-176.666","-6.397","-176.584","16.365"
"7702","-176.576","-6.379","-176.506","16.283"
"7703","-176.521","-6.422","-176.572","16.209"
"7704","-176.431","-6.425","-176.595","16.158"
"7705","-176.462","-6.377","-176.583","16.054"
"7706","-176.544","-6.410","-176.622","15.944"
"7707","-176.497","-6.386","-176.703","15.940"
"7708","-176.648","-6.361","-176.551","15.980"
"7709","-176.371","-6.462","-176.667","16.025"
"7710","-176.577","-6.440","-176.640","15.991"
"7711","-176.374","-6.428","-176.667","15.945"
"7712","-176.257","-6.358","-176.674","15.898"
"7713","-176.491","-6.362","-176.682","15.951"
"7714","-176.186","-6.344","-176.611","15.930"
"7715","-176.502","-6.365","-176.634","15.889"
"7716","-176.478","-6.453","-176.681","15.805"
"7717","-176.587","-6.482","-176.700","15.770"
"7718","-176.641","-6.486","-176.708","15.757"
"7719","-176.712","-6.528","-176.735","15.750"
"7720","-176.583","-6.594","-176.712","15.804"
"7721","-176.040","-6.536","-176.696","15.841"
"7722","-176.555","-6.526","-176.746","15.866"
"7723","-176.601","-6.463","-176.722","15.894"
"7724","-176.620","-6.370","-176.667","15.936"
"7725","-176.713","-6.348","-176.752","15.925"
"7726","-176.412","-6.319","-176.751","15.930"
"7727","-176.513","-6.299","-176.665","15.932"
"7728","-176.521","-6.396","-176.731","15.949"
"7729","-176.591","-6.482","-176.700","15.897"
"7730","-176.719","-6.450","-176.692","15.817"
"7731","-176.641","-6.427","-176.750","15.851"
"7732","-176.618","-6.429","-176.731","15.858"
"7733","-176.574","-6.406","-176.742","15.827"
"7734","-176.453","-6.456","-176.765","15.821"
"7735","-176.585","-6.360","-176.748","15.838"
"7736","-176.565","-6.362","-176.748","15.880"
"7737","-176.631","-6.325","-176.744","15.861"
"7738","-176.666","-6.338","-176.732","15.843"
"7739","-176.506","-6.364","-176.740","15.837"
"7740","-176.541","-6.375","-176.506","15.837"
"7741","-176.740","-6.385","-176.639","15.818"
"7742","-176.770","-6.372","-176.695","15.895"
"7743","-176.586","-6.481","-176.801","15.972"
"7744","-176.316","-6.512","-176.738","16.036"
"7745","-176.413","-6.531","-176.620","16.092"
"7746","-176.374","-6.504","-176.464","16.118"
"7747","-176.631","-6.445","-176.623","16.160"
"7748","-176.642","-6.474","-176.787","16.145"
"7749","-176.650","-6.468","-176.857","16.140"
"7750","-176.568","-6.427","-176.751","16.127"
"7751","-176.330","-6.340","-176.825","16.116"
"7752","-176.524","-6.297","-176.688","16.176"
"7753","-176.672","-6.310","-176.742","16.232"
"7754","-176.570","-6.279","-176.738","16.221"
"7755","-176.554","-6.234","-176.734","16.131"
"7756","-176.370","-6.257","-176.753","16.064"
"7757","-176.487","-6.259","-176.803","16.063"
"7758","-176.140","-6.266","-176.725","16.121"
"7759","-176.326","-6.311","-176.662","16.097"
"7760","-176.458","-6.398","-176.692","16.048"
"7761","-176.731","-6.439","-176.774","16.084"
"7762","-176.652","-6.485","-176.726","16.159"
"7763","-176.410","-6.475","-176.777","16.198"
"7764","-176.515","-6.502","-176.648","16.242"
"7765","-176.710","-6.494","-176.722","16.189"
"7766","-176.701","-6.601","-176.713","16.195"
"7767","-176.576","-6.754","-176.646","16.214"
"7768","-176.587","-6.793","-176.727","16.194"
"7769","-176.556","-6.775","-176.731","16.228"
"7770","-176.669","-6.762","-176.704","16.209"
"7771","-176.606","-6.783","-176.758","16.194"
"7772","-176.516","-6.728","-176.684","16.185"
"7773","-176.644","-6.664","-176.714","16.189"
"7774","-176.487","-6.644","-176.772","16.195"
"7775","-176.549","-6.642","-176.721","16.173"
"7776","-176.295","-6.614","-176.666","16.149"
"7777","-176.630","-6.579","-176.611","16.155"
"7778","-176.708","-6.495","-176.731","16.162"
"7779","-176.668","-6.480","-176.824","16.157"
"7780","-176.656","-6.518","-176.789","16.142"
"7781","-176.453","-6.479","-176.765","16.142"
"7782","-176.797","-6.470","-176.695","16.120"
"7783","-176.574","-6.415","-176.859","16.127"
"7784","-176.749","-6.394","-176.839","16.094"
"7785","-176.795","-6.395","-176.873","16.134"
"7786","-176.712","-6.354","-176.872","16.171"
"7787","-176.775","-6.348","-176.907","16.216"
"7788","-176.677","-6.461","-176.938","16.186"
"7789","-176.524","-6.380","-176.825","16.168"
"7790","-176.621","-6.306","-176.890","16.135"
"7791","-176.906","-6.242","-176.808","16.142"
"7792","-176.925","-6.189","-177.062","16.193"
"7793","-176.589","-6.150","-176.967","16.128"
"7794","-176.830","-6.247","-176.760","16.074"
"7795","-176.549","-6.288","-176.982","16.132"
"7796","-176.405","-6.333","-176.904","16.106"
"7797","-176.772","-6.376","-176.881","16.042"
"7798","-176.748","-6.424","-176.947","16.007"
"7799","-176.935","-6.352","-177.025","15.955"
"7800","-176.930","-6.425","-177.024","15.970"
"7801","-176.821","-6.478","-177.027","16.034"
"7802","-176.660","-6.448","-177.051","16.082"
"7803","-176.566","-6.380","-176.988","16.125"
"7804","-176.854","-6.306","-176.948","16.156"
"7805","-176.904","-6.251","-176.971","16.197"
"7806","-176.885","-6.251","-176.963","16.130"
"7807","-176.873","-6.243","-176.951","16.053"
"7808","-176.725","-6.282","-176.994","16.035"
"7809","-175.960","-6.309","-176.989","16.016"
"7810","-176.610","-6.283","-176.727","16.024"
"7811","-176.683","-6.252","-176.831","16.051"
"7812","-176.909","-6.263","-176.870","16.029"
"7813","-176.745","-6.277","-176.933","15.989"
"7814","-176.577","-6.312","-176.944","15.952"
"7815","-176.515","-6.333","-176.893","15.909"
"7816","-176.441","-6.321","-176.866","15.917"
"7817","-176.744","-6.282","-176.791","15.910"
"7818","-176.573","-6.276","-176.900","15.889"
"7819","-176.272","-6.334","-176.763","15.917"
"7820","-176.669","-6.393","-176.751","15.878"
"7821","-176.697","-6.443","-176.829","15.843"
"7822","-176.579","-6.509","-176.887","15.901"
"7823","-176.591","-6.521","-176.832","15.908"
"7824","-176.173","-6.493","-176.817","15.938"
"7825","-176.980","-6.452","-176.804","15.922"
"7826","-176.663","-6.403","-176.920","15.892"
"7827","-176.811","-6.401","-176.940","15.921"
"7828","-176.885","-6.387","-176.854","15.924"
"7829","-176.499","-6.411","-176.737","15.861"
"7830","-176.850","-6.358","-176.803","15.867"
"7831","-176.759","-6.441","-176.759","15.837"
"7832","-176.837","-6.439","-176.844","15.785"
"7833","-176.945","-6.408","-176.781","15.756"
"7834","-176.777","-6.363","-176.902","15.687"
"7835","-176.828","-6.320","-176.773","15.578"
"7836","-176.718","-6.316","-176.882","15.500"
"7837","-176.777","-6.300","-176.917","15.496"
"7838","-176.866","-6.236","-176.909","15.510"
"7839","-176.753","-6.212","-176.940","15.497"
"7840","-176.951","-6.313","-176.928","15.501"
"7841","-176.858","-6.368","-176.986","15.510"
"7842","-176.768","-6.414","-177.002","15.503"
"7843","-176.759","-6.469","-176.997","15.436"
"7844","-176.978","-6.453","-177.040","15.428"
"7845","-176.782","-6.562","-177.013","15.467"
"7846","-176.751","-6.649","-176.837","15.488"
"7847","-176.863","-6.656","-176.999","15.464"
"7848","-176.788","-6.590","-176.967","15.487"
"7849","-177.010","-6.506","-177.069","15.483"
"7850","-176.975","-6.531","-177.108","15.474"
"7851","-176.698","-6.508","-177.100","15.445"
"7852","-176.374","-6.449","-176.885","15.422"
"7853","-176.872","-6.398","-177.001","15.449"
"7854","-176.985","-6.295","-177.102","15.432"
"7855","-176.969","-6.291","-177.066","15.393"
"7856","-177.011","-6.351","-177.101","15.403"
"7857","-176.995","-6.417","-177.112","15.394"
"7858","-176.987","-6.423","-177.045","15.405"
"7859","-177.189","-6.502","-177.100","15.359"
"7860","-176.884","-6.406","-177.138","15.348"
"7861","-176.989","-6.328","-177.075","15.303"
"7862","-176.591","-6.311","-176.946","15.298"
"7863","-177.004","-6.363","-176.961","15.337"
"7864","-177.035","-6.419","-177.168","15.307"
"7865","-177.046","-6.378","-177.151","15.263"
"7866","-176.894","-6.329","-177.023","15.171"
"7867","-177.042","-6.353","-177.108","15.097"
"7868","-176.995","-6.345","-177.201","15.080"
"7869","-177.025","-6.356","-177.146","15.095"
"7870","-177.103","-6.362","-177.130","15.075"
"7871","-176.924","-6.327","-177.204","15.116"
"7872","-176.966","-6.354","-177.111","15.120"
"7873","-177.020","-6.268","-177.153","15.141"
"7874","-177.012","-6.219","-177.191","15.162"
"7875","-176.711","-6.242","-177.124","15.126"
"7876","-176.886","-6.228","-176.972","15.093"
"7877","-176.956","-6.228","-176.816","15.041"
"7878","-176.952","-6.302","-176.917","14.925"
"7879","-176.858","-6.253","-176.952","14.877"
"7880","-176.682","-6.292","-176.944","14.920"
"7881","-176.814","-6.290","-176.760","14.963"
"7882","-176.755","-6.400","-176.935","15.014"
"7883","-176.653","-6.456","-176.957","15.051"
"7884","-176.657","-6.452","-176.899","15.038"
"7885","-176.532","-6.421","-176.902","15.067"
"7886","-176.274","-6.400","-176.812","15.087"
"7887","-176.539","-6.458","-176.823","15.048"
"7888","-176.667","-6.434","-176.605","15.099"
"7889","-176.628","-6.450","-176.722","15.185"
"7890","-176.614","-6.488","-176.802","15.239"
"7891","-176.557","-6.517","-176.740","15.346"
"7892","-176.474","-6.575","-176.712","15.348"
"7893","-176.455","-6.542","-176.646","15.318"
"7894","-176.271","-6.571","-176.314","15.395"
"7895","-176.278","-6.604","-176.329","15.457"
"7896","-176.379","-6.604","-176.352","15.519"
"7897","-176.469","-6.547","-176.414","15.623"
"7898","-176.274","-6.526","-176.434","15.677"
"7899","-176.203","-6.430","-176.343","15.764"
"7900","-176.199","-6.450","-176.355","15.799"
"7901","-176.175","-6.502","-176.230","15.827"
"7902","-175.863","-6.516","-176.202","15.807"
"7903","-175.788","-6.506","-176.077","15.863"
"7904","-175.788","-6.544","-176.042","15.923"
"7905","-175.787","-6.636","-175.858","16.013"
"7906","-175.729","-6.647","-175.803","16.075"
"7907","-175.689","-6.694","-175.888","16.116"
"7908","-175.568","-6.680","-175.833","16.165"
"7909","-175.540","-6.679","-175.708","16.262"
"7910","-175.598","-6.639","-175.540","16.355"
"7911","-175.528","-6.571","-175.552","16.447"
"7912","-175.045","-6.530","-175.489","16.522"
"7913","-175.068","-6.582","-175.302","16.607"
"7914","-174.943","-6.708","-175.282","16.699"
"7915","-174.938","-6.764","-175.211","16.735"
"7916","-174.863","-6.731","-174.937","16.818"
"7917","-174.749","-6.649","-175.007","16.876"
"7918","-174.800","-6.616","-174.655","16.934"
"7919","-174.687","-6.590","-174.609","17.003"
"7920","-174.511","-6.550","-174.675","17.076"
"7921","-174.081","-6.530","-174.362","17.100"
"7922","-173.914","-6.623","-174.397","17.194"
"7923","-174.019","-6.650","-174.288","17.259"
"7924","-174.015","-6.668","-174.151","17.356"
"7925","-173.831","-6.627","-173.846","17.459"
"7926","-173.772","-6.585","-173.936","17.488"
"7927","-173.580","-6.570","-173.845","17.535"
"7928","-173.560","-6.622","-173.493","17.615"
"7929","-173.426","-6.742","-173.430","17.672"
"7930","-173.442","-6.724","-173.531","17.690"
"7931","-173.122","-6.752","-173.434","17.744"
"7932","-172.911","-6.728","-173.313","17.800"
"7933","-172.961","-6.720","-173.133","17.879"
"7934","-172.731","-6.708","-172.914","17.894"
"7935","-172.505","-6.584","-172.841","17.875"
"7936","-172.583","-6.605","-172.641","17.976"
"7937","-172.430","-6.611","-172.633","18.055"
"7938","-172.329","-6.625","-172.434","18.105"
"7939","-172.083","-6.551","-172.329","18.186"
"7940","-171.950","-6.568","-172.309","18.261"
"7941","-171.829","-6.473","-172.118","18.266"
"7942","-171.903","-6.441","-171.977","18.267"
"7943","-171.422","-6.396","-171.855","18.321"
"7944","-171.480","-6.347","-171.671","18.372"
"7945","-171.371","-6.314","-171.375","18.418"
"7946","-171.113","-6.332","-171.187","18.502"
"7947","-171.152","-6.417","-171.199","18.551"
"7948","-170.855","-6.516","-171.147","18.581"
"7949","-170.718","-6.545","-171.092","18.610"
"7950","-170.394","-6.636","-170.940","18.619"
"7951","-170.499","-6.690","-170.651","18.608"
"7952","-170.443","-6.649","-170.584","18.565"
"7953","-170.131","-6.624","-170.346","18.648"
"7954","-170.166","-6.509","-170.213","18.769"
"7955","-170.088","-6.445","-170.065","18.919"
"7956","-169.940","-6.431","-169.933","18.997"
"7957","-169.663","-6.452","-169.896","19.033"
"7958","-168.678","-6.512","-169.663","19.033"
"7959","-169.041","-6.604","-169.463","19.108"
"7960","-169.070","-6.570","-169.368","19.074"
"7961","-169.131","-6.572","-169.171","19.071"
"7962","-168.960","-6.498","-168.993","19.099"
"7963","-168.757","-6.428","-168.906","19.138"
"7964","-168.350","-6.344","-168.800","19.250"
"7965","-168.070","-6.360","-168.506","19.336"
"7966","-168.063","-6.391","-168.335","19.424"
"7967","-168.128","-6.317","-168.179","19.530"
"7968","-168.011","-6.319","-168.135","19.624"
"7969","-167.898","-6.276","-168.025","19.630"
"7970","-167.705","-6.235","-167.912","19.632"
"7971","-167.415","-6.206","-167.684","19.663"
"7972","-167.309","-6.254","-167.596","19.749"
"7973","-167.228","-6.254","-167.334","19.787"
"7974","-167.104","-6.226","-167.181","19.692"
"7975","-167.060","-6.208","-167.205","19.698"
"7976","-166.678","-6.162","-167.034","19.829"
"7977","-166.685","-6.152","-166.722","19.894"
"7978","-166.452","-6.124","-166.663","19.926"
"7979","-166.408","-6.157","-166.412","20.027"
"7980","-166.263","-6.147","-166.332","20.097"
"7981","-166.088","-6.108","-166.183","20.141"
"7982","-165.823","-6.145","-166.044","20.161"
"7983","-165.415","-6.225","-165.924","20.189"
"7984","-165.495","-6.271","-165.760","20.290"
"7985","-165.113","-6.281","-165.622","20.323"
"7986","-165.073","-6.266","-165.342","20.372"
"7987","-165.026","-6.230","-165.128","20.407"
"7988","-164.626","-6.246","-165.014","20.457"
"7989","-164.549","-6.310","-164.760","20.457"
"7990","-164.411","-6.319","-164.567","20.463"
"7991","-164.359","-6.259","-164.381","20.445"
"7992","-164.293","-6.192","-164.373","20.445"
"7993","-164.206","-6.253","-164.250","20.519"
"7994","-163.995","-6.200","-164.181","20.528"
"7995","-163.723","-6.220","-164.111","20.570"
"7996","-163.697","-6.149","-163.842","20.625"
"7997","-163.485","-6.108","-163.631","20.741"
"7998","-163.422","-6.082","-163.502","20.788"
"7999","-163.116","-5.987","-163.382","20.821"
"8000","-162.894","-5.932","-163.287","20.834"
"8001","-162.633","-5.850","-163.047","20.911"
"8002","-162.339","-5.831","-162.800","20.975"
"8003","-162.451","-5.829","-162.633","21.036"
"8004","-162.520","-5.864","-162.458","21.034"
"8005","-162.185","-5.826","-162.254","21.095"
"8006","-161.992","-5.823","-162.294","21.124"
"8007","-161.821","-5.861","-162.159","21.158"
"8008","-161.672","-5.856","-161.858","21.205"
"8009","-161.497","-5.772","-161.625","21.257"
"8010","-161.468","-5.707","-161.508","21.272"
"8011","-161.151","-5.658","-161.369","21.298"
"8012","-161.119","-5.526","-161.173","21.305"
"8013","-160.892","-5.465","-161.012","21.366"
"8014","-160.699","-5.537","-160.957","21.430"
"8015","-160.532","-5.638","-160.779","21.554"
"8016","-160.309","-5.671","-160.524","21.594"
"8017","-160.302","-5.665","-160.339","21.627"
"8018","-160.149","-5.630","-160.240","21.671"
"8019","-159.964","-5.657","-160.026","21.727"
"8020","-159.756","-5.688","-159.801","21.754"
"8021","-159.584","-5.701","-159.550","21.796"
"8022","-159.509","-5.628","-159.323","21.850"
"8023","-159.344","-5.585","-159.364","21.907"
"8024","-159.168","-5.596","-159.241","21.964"
"8025","-158.962","-5.604","-159.131","22.030"
"8026","-158.601","-5.660","-159.003","22.015"
"8027","-158.525","-5.751","-158.852","21.970"
"8028","-158.326","-5.775","-158.525","22.010"
"8029","-158.319","-5.772","-158.364","22.058"
"8030","-158.105","-5.714","-158.336","22.090"
"8031","-157.992","-5.711","-158.218","22.123"
"8032","-157.785","-5.729","-158.077","22.158"
"8033","-157.682","-5.775","-157.926","22.221"
"8034","-157.503","-5.738","-157.764","22.305"
"8035","-157.263","-5.719","-157.640","22.314"
"8036","-157.300","-5.798","-157.393","22.368"
"8037","-157.167","-5.804","-157.273","22.417"
"8038","-156.950","-5.800","-157.070","22.401"
"8039","-156.829","-5.775","-157.042","22.397"
"8040","-156.695","-5.850","-156.908","22.409"
"8041","-156.330","-5.883","-156.698","22.433"
"8042","-156.090","-5.945","-156.423","22.413"
"8043","-156.028","-6.064","-156.086","22.442"
"8044","-156.011","-5.980","-155.983","22.437"
"8045","-155.849","-6.023","-156.007","22.409"
"8046","-155.554","-5.974","-155.873","22.404"
"8047","-155.523","-5.941","-155.670","22.391"
"8048","-155.430","-5.884","-155.540","22.433"
"8049","-155.292","-5.872","-155.361","22.498"
"8050","-155.155","-5.845","-155.244","22.435"
"8051","-155.010","-5.843","-155.144","22.390"
"8052","-154.749","-5.783","-154.958","22.399"
"8053","-154.556","-5.693","-154.814","22.456"
"8054","-154.436","-5.669","-154.686","22.535"
"8055","-154.360","-5.700","-154.600","22.567"
"8056","-154.222","-5.760","-154.428","22.598"
"8057","-153.902","-5.842","-154.311","22.657"
"8058","-153.888","-5.791","-153.940","22.664"
"8059","-153.669","-5.813","-153.944","22.677"
"8060","-153.123","-5.840","-153.899","22.677"
"8061","-153.363","-5.752","-153.548","22.719"
"8062","-153.373","-5.637","-153.280","22.762"
"8063","-153.259","-5.705","-153.270","22.810"
"8064","-153.111","-5.744","-153.067","22.810"
"8065","-152.960","-5.699","-153.008","22.801"
"8066","-152.757","-5.648","-152.860","22.850"
"8067","-152.599","-5.755","-152.675","22.873"
"8068","-152.382","-5.739","-152.626","22.860"
"8069","-152.224","-5.751","-152.533","22.816"
"8070","-152.148","-5.748","-152.436","22.857"
"8071","-151.935","-5.715","-152.254","22.905"
"8072","-151.814","-5.729","-152.013","22.944"
"8073","-151.722","-5.713","-151.808","22.962"
"8074","-151.698","-5.762","-151.653","22.976"
"8075","-151.471","-5.721","-151.636","22.989"
"8076","-151.368","-5.717","-151.519","23.015"
"8077","-151.309","-5.691","-151.408","23.032"
"8078","-151.078","-5.679","-151.250","22.999"
"8079","-150.981","-5.628","-151.070","22.982"
"8080","-150.679","-5.568","-150.861","22.965"
"8081","-150.377","-5.562","-150.768","22.926"
"8082","-150.401","-5.498","-150.610","22.945"
"8083","-150.253","-5.519","-150.391","22.987"
"8084","-150.150","-5.498","-150.366","23.033"
"8085","-150.064","-5.463","-150.126","23.049"
"8086","-149.775","-5.513","-150.068","23.062"
"8087","-149.703","-5.468","-149.852","23.116"
"8088","-149.562","-5.320","-149.725","23.092"
"8089","-149.357","-5.203","-149.637","23.072"
"8090","-149.217","-5.197","-149.448","23.118"
"8091","-149.015","-5.222","-149.311","23.151"
"8092","-148.969","-5.207","-149.142","23.168"
"8093","-148.852","-5.146","-149.001","23.210"
"8094","-148.712","-5.208","-148.764","23.223"
"8095","-148.627","-5.319","-148.731","23.220"
"8096","-148.399","-5.278","-148.568","23.213"
"8097","-148.409","-5.284","-148.470","23.194"
"8098","-148.242","-5.286","-148.405","23.220"
"8099","-148.053","-5.328","-148.310","23.239"
"8100","-147.835","-5.474","-148.066","23.081"
"8101","-147.744","-5.525","-147.916","23.066"
"8102","-147.662","-5.487","-147.786","23.107"
"8103","-147.564","-5.423","-147.662","23.134"
"8104","-147.454","-5.367","-147.515","23.153"
"8105","-147.255","-5.411","-147.379","23.169"
"8106","-147.092","-5.413","-147.307","23.173"
"8107","-146.890","-5.335","-147.114","23.181"
"8108","-146.681","-5.360","-146.919","23.174"
"8109","-146.756","-5.409","-146.733","23.150"
"8110","-146.580","-5.461","-146.701","23.176"
"8111","-146.239","-5.449","-146.603","23.163"
"8112","-146.040","-5.443","-146.469","23.154"
"8113","-146.085","-5.408","-146.264","23.182"
"8114","-145.977","-5.355","-146.228","23.182"
"8115","-146.019","-5.270","-146.101","23.167"
"8116","-145.893","-5.260","-145.922","23.163"
"8117","-145.707","-5.229","-145.857","23.176"
"8118","-145.502","-5.178","-145.736","23.204"
"8119","-145.329","-5.207","-145.512","23.208"
"8120","-145.141","-5.213","-145.352","23.186"
"8121","-145.036","-5.264","-145.293","23.175"
"8122","-145.036","-5.413","-145.189","23.061"
"8123","-144.883","-5.357","-144.981","23.070"
"8124","-144.749","-5.287","-144.854","23.120"
"8125","-144.652","-5.209","-144.801","23.142"
"8126","-144.508","-5.172","-144.655","23.135"
"8127","-144.342","-5.177","-144.479","23.141"
"8128","-144.163","-5.226","-144.368","23.154"
"8129","-144.010","-5.220","-144.303","23.163"
"8130","-143.779","-5.214","-144.117","23.135"
"8131","-143.726","-5.216","-143.899","23.108"
"8132","-143.726","-5.237","-143.847","23.115"
"8133","-143.554","-5.264","-143.694","23.108"
"8134","-143.410","-5.323","-143.528","23.105"
"8135","-143.238","-5.221","-143.443","23.119"
"8136","-143.088","-5.192","-143.309","23.110"
"8137","-142.909","-5.246","-143.225","23.138"
"8138","-142.551","-5.227","-143.095","23.163"
"8139","-142.603","-5.186","-142.974","23.165"
"8140","-142.453","-5.172","-142.808","23.160"
"8141","-142.369","-5.100","-142.551","23.160"
"8142","-142.457","-5.075","-142.405","23.169"
"8143","-142.063","-5.026","-142.343","23.186"
"8144","-141.933","-5.022","-142.258","23.160"
"8145","-141.910","-4.993","-142.092","23.167"
"8146","-141.910","-4.962","-141.965","23.164"
"8147","-141.832","-4.989","-141.907","23.178"
"8148","-141.669","-4.982","-141.770","23.177"
"8149","-141.494","-5.003","-141.614","23.197"
"8150","-141.204","-5.005","-141.458","23.202"
"8151","-141.081","-4.947","-141.328","23.140"
"8152","-141.048","-4.994","-141.165","23.138"
"8153","-140.934","-5.034","-141.103","23.175"
"8154","-140.853","-5.038","-140.957","23.195"
"8155","-140.680","-5.067","-140.853","23.220"
"8156","-140.508","-5.120","-140.713","23.228"
"8157","-140.378","-5.163","-140.524","23.228"
"8158","-140.241","-5.207","-140.404","23.224"
"8159","-140.140","-5.211","-140.238","23.226"
"8160","-139.979","-5.221","-140.082","23.211"
"8161","-139.680","-5.140","-139.986","23.207"
"8162","-139.551","-5.101","-139.871","23.224"
"8163","-139.410","-5.079","-139.659","23.253"
"8164","-139.351","-5.042","-139.487","23.294"
"8165","-139.277","-5.068","-139.447","23.323"
"8166","-139.185","-5.073","-139.345","23.347"
"8167","-139.043","-5.107","-139.305","23.345"
"8168","-138.988","-5.060","-139.028","23.319"
"8169","-138.917","-5.118","-138.908","23.345"
"8170","-138.782","-5.157","-138.929","23.387"
"8171","-138.563","-5.169","-138.819","23.418"
"8172","-138.391","-5.103","-138.665","23.457"
"8173","-138.360","-5.134","-138.489","23.481"
"8174","-138.320","-5.132","-138.403","23.497"
"8175","-138.120","-5.056","-138.277","23.526"
"8176","-137.939","-5.074","-138.065","23.559"
"8177","-137.871","-5.125","-138.004","23.598"
"8178","-137.757","-4.998","-137.942","23.631"
"8179","-137.564","-4.924","-137.791","23.656"
"8180","-137.554","-4.965","-137.684","23.673"
"8181","-137.391","-4.940","-137.542","23.717"
"8182","-137.308","-5.039","-137.363","23.732"
"8183","-137.197","-5.111","-137.296","23.719"
"8184","-137.038","-5.020","-137.231","23.731"
"8185","-136.862","-4.888","-137.047","23.777"
"8186","-136.647","-4.775","-137.063","23.799"
"8187","-136.641","-4.859","-136.826","23.815"
"8188","-136.484","-4.853","-136.737","23.846"
"8189","-136.478","-4.781","-136.536","23.887"
"8190","-136.466","-4.871","-136.343","23.918"
"8191","-136.250","-4.956","-136.290","23.940"
"8192","-136.140","-5.048","-136.281","23.956"
"8193","-135.983","-5.085","-136.217","23.995"
"8194","-135.752","-5.068","-136.075","23.989"
"8195","-135.706","-4.980","-135.962","24.002"
"8196","-135.697","-4.893","-135.848","24.031"
"8197","-135.436","-4.839","-135.657","24.055"
"8198","-135.383","-4.877","-135.503","24.079"
"8199","-135.230","-4.926","-135.396","24.111"
"8200","-135.212","-4.987","-135.412","24.130"
"8201","-135.024","-4.952","-135.243","24.085"
"8202","-134.873","-5.075","-135.030","24.151"
"8203","-134.646","-5.048","-134.938","24.208"
"8204","-134.670","-4.979","-134.787","24.199"
"8205","-134.652","-5.005","-134.618","24.241"
"8206","-134.526","-5.005","-134.538","24.252"
"8207","-134.320","-5.013","-134.572","24.287"
"8208","-134.123","-4.947","-134.453","24.307"
"8209","-133.914","-4.937","-134.370","24.343"
"8210","-134.009","-4.912","-134.277","24.342"
"8211","-133.769","-4.916","-134.120","24.312"
"8212","-133.828","-4.920","-133.945","24.356"
"8213","-133.665","-4.984","-133.794","24.395"
"8214","-133.496","-4.949","-133.625","24.407"
"8215","-133.419","-4.907","-133.524","24.403"
"8216","-133.278","-4.749","-133.493","24.466"
"8217","-133.068","-4.714","-133.395","24.515"
"8218","-133.066","-4.740","-133.235","24.532"
"8219","-132.915","-4.732","-133.143","24.542"
"8220","-132.758","-4.783","-132.986","24.594"
"8221","-132.733","-4.806","-132.863","24.607"
"8222","-132.647","-4.760","-132.835","24.638"
"8223","-132.429","-4.721","-132.780","24.667"
"8224","-132.183","-4.723","-132.589","24.705"
"8225","-132.066","-4.670","-132.435","24.703"
"8226","-132.051","-4.670","-132.316","24.696"
"8227","-131.719","-4.626","-132.251","24.749"
"8228","-132.008","-4.500","-132.159","24.780"
"8229","-131.993","-4.523","-132.070","24.761"
"8230","-131.886","-4.562","-131.969","24.739"
"8231","-131.726","-4.592","-131.738","24.768"
"8232","-131.434","-4.566","-131.708","24.783"
"8233","-131.345","-4.637","-131.631","24.766"
"8234","-131.317","-4.693","-131.434","24.775"
"8235","-131.133","-4.728","-131.413","24.777"
"8236","-131.084","-4.662","-131.349","24.819"
"8237","-130.933","-4.678","-131.170","24.876"
"8238","-130.795","-4.795","-131.032","24.885"
"8239","-130.709","-4.900","-130.869","24.908"
"8240","-130.710","-4.922","-130.743","24.923"
"8241","-130.522","-4.934","-130.719","24.925"
"8242","-130.433","-4.850","-130.691","24.961"
"8243","-130.276","-4.743","-130.584","24.985"
"8244","-130.092","-4.726","-130.329","24.996"
"8245","-129.980","-4.726","-130.243","24.996"
"8246","-129.935","-4.719","-130.191","25.010"
"8247","-129.903","-4.701","-130.089","25.038"
"8248","-129.804","-4.665","-130.022","25.070"
"8249","-129.704","-4.733","-129.939","25.092"
"8250","-129.599","-4.634","-129.839","25.092"
"8251","-129.508","-4.568","-129.708","25.120"
"8252","-129.417","-4.541","-129.552","25.123"
"8253","-129.306","-4.492","-129.526","25.060"
"8254","-129.195","-4.430","-129.438","25.081"
"8255","-129.075","-4.372","-129.274","25.095"
"8256","-128.934","-4.312","-129.245","25.126"
"8257","-128.964","-4.349","-129.125","25.126"
"8258","-128.821","-4.442","-129.043","25.129"
"8259","-128.721","-4.419","-128.929","25.138"
"8260","-128.636","-4.373","-128.824","25.140"
"8261","-128.475","-4.348","-128.692","25.124"
"8262","-128.305","-4.301","-128.619","25.153"
"8263","-128.220","-4.319","-128.505","25.206"
"8264","-128.153","-4.282","-128.411","25.220"
"8265","-127.910","-4.268","-128.227","25.266"
"8266","-127.890","-4.276","-128.171","25.244"
"8267","-127.655","-4.271","-128.033","25.194"
"8268","-127.703","-4.217","-127.987","25.177"
"8269","-127.503","-4.230","-127.861","25.179"
"8270","-127.251","-4.205","-127.806","25.194"
"8271","-127.436","-4.275","-127.633","25.204"
"8272","-127.311","-4.299","-127.566","25.250"
"8273","-127.056","-4.270","-127.490","25.259"
"8274","-126.851","-4.237","-127.382","25.288"
"8275","-126.942","-4.263","-127.191","25.290"
"8276","-126.983","-4.300","-127.080","25.262"
"8277","-126.907","-4.284","-127.060","25.269"
"8278","-126.790","-4.247","-126.960","25.302"
"8279","-126.655","-4.203","-126.811","25.293"
"8280","-126.520","-4.156","-126.758","25.286"
"8281","-126.363","-4.153","-126.653","25.285"
"8282","-126.345","-4.330","-126.592","25.296"
"8283","-126.340","-4.462","-126.469","25.303"
"8284","-126.229","-4.406","-126.364","25.329"
"8285","-126.003","-4.369","-126.249","25.347"
"8286","-125.982","-4.344","-126.126","25.358"
"8287","-125.860","-4.286","-126.036","25.349"
"8288","-125.749","-4.280","-125.960","25.301"
"8289","-125.681","-4.286","-125.854","25.271"
"8290","-125.591","-4.230","-125.737","25.300"
"8291","-125.433","-4.086","-125.612","25.317"
"8292","-125.348","-4.088","-125.468","25.306"
"8293","-125.263","-4.083","-125.442","25.313"
"8294","-125.104","-4.126","-125.389","25.292"
"8295","-125.002","-4.101","-125.284","25.321"
"8296","-124.959","-4.181","-125.108","25.356"
"8297","-124.877","-4.159","-125.035","25.393"
"8298","-124.760","-4.078","-125.018","25.396"
"8299","-124.431","-4.072","-124.895","25.396"
"8300","-124.423","-4.061","-124.737","25.414"
"8301","-124.379","-3.995","-124.596","25.411"
"8302","-124.318","-3.888","-124.523","25.388"
"8303","-124.277","-3.948","-124.427","25.406"
"8304","-124.122","-4.215","-124.160","25.412"
"8305","-124.014","-4.291","-124.025","25.410"
"8306","-123.946","-4.258","-124.055","25.395"
"8307","-123.841","-4.293","-124.023","25.397"
"8308","-123.738","-4.218","-123.941","25.380"
"8309","-123.607","-4.210","-123.871","25.385"
"8310","-123.425","-4.292","-123.759","25.374"
"8311","-123.381","-4.189","-123.598","25.374"
"8312","-123.308","-4.183","-123.549","25.346"
"8313","-123.256","-4.290","-123.423","25.361"
"8314","-123.191","-4.261","-123.294","25.363"
"8315","-123.042","-4.211","-123.259","25.375"
"8316","-122.919","-4.172","-123.168","25.381"
"8317","-122.725","-4.234","-123.107","25.335"
"8318","-122.676","-4.235","-122.931","25.311"
"8319","-122.629","-4.147","-122.729","25.353"
"8320","-122.515","-4.099","-122.665","25.371"
"8321","-122.383","-4.080","-122.565","25.310"
"8322","-122.322","-4.056","-122.504","25.306"
"8323","-122.217","-4.004","-122.413","25.306"
"8324","-122.094","-4.008","-122.282","25.278"
"8325","-121.909","-4.028","-122.135","25.280"
"8326","-121.845","-3.989","-121.974","25.275"
"8327","-121.725","-3.933","-121.962","25.298"
"8328","-121.614","-3.892","-121.869","25.300"
"8329","-121.567","-3.828","-121.749","25.305"
"8330","-121.435","-3.842","-121.688","25.303"
"8331","-121.307","-3.945","-121.579","25.305"
"8332","-121.304","-4.049","-121.524","25.301"
"8333","-121.175","-4.093","-121.366","25.292"
"8334","-121.028","-4.031","-121.298","25.295"
"8335","-120.911","-4.082","-121.237","25.321"
"8336","-120.817","-4.136","-121.052","25.326"
"8337","-120.838","-4.100","-120.921","25.282"
"8338","-120.742","-4.090","-120.868","25.242"
"8339","-120.522","-4.077","-120.813","25.239"
"8340","-120.399","-4.036","-120.713","25.283"
"8341","-120.048","-3.877","-120.667","25.289"
"8342","-119.956","-3.881","-120.544","25.283"
"8343","-120.083","-3.860","-120.365","25.276"
"8344","-120.075","-3.801","-120.277","25.281"
"8345","-120.023","-3.677","-120.189","25.281"
"8346","-119.907","-3.656","-120.014","25.264"
"8347","-119.873","-3.664","-119.856","25.244"
"8348","-119.801","-3.650","-119.717","25.251"
"8349","-119.608","-3.662","-119.725","25.269"
"8350","-119.501","-3.765","-119.728","25.262"
"8351","-119.443","-3.826","-119.628","25.258"
"8352","-119.309","-3.826","-119.496","25.274"
"8353","-119.197","-3.797","-119.415","25.274"
"8354","-119.141","-3.842","-119.309","25.268"
"8355","-118.967","-3.793","-119.239","25.263"
"8356","-118.993","-3.832","-119.088","25.259"
"8357","-118.929","-3.873","-119.080","25.268"
"8358","-118.808","-3.875","-119.052","25.262"
"8359","-118.722","-3.776","-118.912","25.231"
"8360","-118.624","-3.845","-118.870","25.205"
"8361","-118.456","-3.757","-118.784","25.213"
"8362","-118.350","-3.788","-118.616","25.199"
"8363","-118.266","-3.734","-118.465","25.175"
"8364","-118.236","-3.715","-118.373","25.142"
"8365","-118.045","-3.738","-118.297","25.151"
"8366","-117.984","-3.741","-118.244","25.169"
"8367","-117.794","-3.717","-118.149","25.144"
"8368","-117.808","-3.733","-118.052","25.127"
"8369","-117.646","-3.644","-117.965","25.123"
"8370","-117.436","-3.687","-117.895","25.125"
"8371","-117.540","-3.743","-117.831","25.106"
"8372","-117.402","-3.839","-117.702","25.086"
"8373","-117.408","-3.889","-117.593","25.062"
"8374","-117.372","-3.999","-117.507","25.036"
"8375","-117.255","-3.948","-117.409","25.032"
"8376","-117.221","-3.900","-117.286","25.052"
"8377","-117.028","-3.882","-117.236","25.047"
"8378","-116.832","-4.044","-117.191","25.047"
"8379","-116.875","-4.044","-117.082","25.067"
"8380","-116.735","-3.945","-117.018","25.068"
"8381","-116.688","-3.881","-116.923","25.055"
"8382","-116.654","-3.825","-116.839","25.042"
"8383","-116.596","-3.809","-116.736","25.022"
"8384","-116.439","-3.732","-116.615","25.015"
"8385","-116.235","-3.693","-116.540","24.976"
"8386","-116.213","-3.734","-116.470","24.959"
"8387","-116.023","-3.746","-116.378","24.944"
"8388","-115.989","-3.736","-116.196","24.959"
"8389","-115.983","-3.633","-116.135","24.942"
"8390","-115.793","-3.575","-116.118","24.865"
"8391","-115.788","-3.603","-116.015","24.874"
"8392","-115.766","-3.636","-115.856","24.874"
"8393","-115.677","-3.646","-115.839","24.859"
"8394","-115.573","-3.636","-115.805","24.822"
"8395","-115.514","-3.589","-115.593","24.802"
"8396","-115.363","-3.591","-115.545","24.738"
"8397","-115.316","-3.607","-115.526","24.743"
"8398","-115.109","-3.487","-115.372","24.796"
"8399","-114.966","-3.534","-115.317","24.829"
"8400","-114.944","-3.421","-115.224","24.840"
"8401","-114.880","-3.515","-115.040","24.834"
"8402","-114.844","-3.526","-114.992","24.839"
"8403","-114.794","-3.420","-114.959","24.813"
"8404","-114.645","-3.531","-114.909","24.813"
"8405","-114.550","-3.574","-114.738","24.809"
"8406","-114.545","-3.502","-114.581","24.807"
"8407","-114.467","-3.488","-114.500","24.798"
"8408","-114.363","-3.481","-114.481","24.778"
"8409","-114.246","-3.352","-114.447","24.748"
"8410","-114.126","-3.362","-114.397","24.735"
"8411","-114.036","-3.335","-114.291","24.754"
"8412","-113.992","-3.283","-114.149","24.746"
"8413","-113.718","-3.378","-114.104","24.731"
"8414","-113.701","-3.380","-114.048","24.740"
"8415","-113.707","-3.373","-113.917","24.751"
"8416","-113.643","-3.361","-113.777","24.744"
"8417","-113.537","-3.455","-113.716","24.730"
"8418","-113.377","-3.504","-113.562","24.721"
"8419","-113.268","-3.504","-113.470","24.688"
"8420","-113.131","-3.552","-113.414","24.677"
"8421","-113.092","-3.477","-113.277","24.662"
"8422","-113.019","-3.526","-113.204","24.636"
"8423","-112.944","-3.534","-113.151","24.610"
"8424","-112.899","-3.450","-113.104","24.590"
"8425","-112.745","-3.479","-113.014","24.572"
"8426","-112.597","-3.450","-112.894","24.581"
"8427","-112.553","-3.380","-112.763","24.592"
"8428","-112.472","-3.266","-112.665","24.601"
"8429","-112.388","-3.258","-112.575","24.573"
"8430","-112.273","-3.295","-112.447","24.582"
"8431","-112.259","-3.327","-112.439","24.602"
"8432","-112.167","-3.373","-112.369","24.576"
"8433","-112.022","-3.274","-112.296","24.549"
"8434","-111.918","-3.280","-112.162","24.539"
"8435","-111.750","-3.389","-111.997","24.535"
"8436","-111.689","-3.428","-111.860","24.544"
"8437","-111.714","-3.442","-111.866","24.535"
"8438","-111.659","-3.441","-111.841","24.513"
"8439","-111.443","-3.388","-111.726","24.509"
"8440","-111.345","-3.435","-111.648","24.516"
"8441","-111.276","-3.447","-111.531","24.463"
"8442","-111.225","-3.538","-111.435","24.415"
"8443","-111.114","-3.507","-111.318","24.420"
"8444","-111.086","-3.533","-111.257","24.391"
"8445","-110.921","-3.566","-111.148","24.356"
"8446","-110.745","-3.516","-111.070","24.308"
"8447","-110.680","-3.440","-110.972","24.260"
"8448","-110.638","-3.419","-110.837","24.244"
"8449","-110.563","-3.415","-110.796","24.232"
"8450","-110.418","-3.365","-110.740","24.260"
"8451","-110.356","-3.452","-110.637","24.263"
"8452","-110.317","-3.501","-110.494","24.243"
"8453","-110.245","-3.443","-110.351","24.230"
"8454","-110.099","-3.386","-110.273","24.224"
"8455","-109.962","-3.356","-110.200","24.230"
"8456","-109.956","-3.295","-110.010","24.220"
"8457","-109.908","-3.298","-110.055","24.228"
"8458","-109.782","-3.284","-109.962","24.228"
"8459","-109.691","-3.263","-109.879","24.257"
"8460","-109.539","-3.228","-109.793","24.257"
"8461","-109.507","-3.288","-109.684","24.216"
"8462","-109.360","-3.296","-109.620","24.183"
"8463","-109.282","-3.351","-109.553","24.159"
"8464","-109.221","-3.446","-109.478","24.138"
"8465","-109.151","-3.379","-109.360","24.122"
"8466","-109.098","-3.313","-109.235","24.116"
"8467","-108.986","-3.379","-109.230","24.090"
"8468","-108.938","-3.362","-109.115","24.083"
"8469","-108.833","-3.313","-108.986","24.081"
"8470","-108.748","-3.204","-108.922","24.044"
"8471","-108.638","-3.189","-108.831","24.022"
"8472","-108.550","-3.164","-108.711","24.010"
"8473","-108.400","-3.110","-108.588","23.986"
"8474","-108.323","-3.100","-108.446","23.961"
"8475","-108.272","-3.065","-108.449","23.949"
"8476","-108.173","-3.028","-108.398","23.960"
"8477","-108.061","-3.025","-108.267","23.980"
"8478","-107.994","-3.058","-108.187","23.989"
"8479","-107.933","-3.083","-108.118","23.998"
"8480","-107.863","-3.097","-108.045","23.996"
"8481","-107.665","-3.070","-107.823","24.000"
"8482","-107.612","-3.059","-107.732","23.983"
"8483","-107.550","-3.010","-107.684","23.996"
"8484","-107.497","-2.917","-107.666","23.999"
"8485","-107.339","-2.981","-107.623","24.003"
"8486","-107.248","-3.077","-107.543","23.996"
"8487","-107.205","-3.007","-107.422","23.993"
"8488","-107.106","-2.958","-107.299","23.993"
"8489","-106.999","-2.925","-107.249","23.984"
"8490","-106.957","-2.964","-107.144","23.967"
"8491","-106.871","-2.994","-107.067","23.967"
"8492","-106.772","-2.943","-106.973","23.993"
"8493","-106.743","-2.977","-106.885","24.025"
"8494","-106.655","-2.891","-106.848","24.058"
"8495","-106.594","-2.851","-106.747","24.067"
"8496","-106.479","-2.833","-106.706","24.069"
"8497","-106.385","-2.837","-106.626","24.102"
"8498","-106.297","-2.814","-106.495","24.133"
"8499","-106.211","-2.814","-106.426","24.138"
"8500","-106.110","-2.890","-106.302","24.131"
"8501","-106.016","-2.943","-106.198","24.125"
"8502","-105.971","-2.902","-106.006","24.132"
"8503","-105.907","-2.961","-106.062","24.099"
"8504","-105.845","-3.097","-105.947","24.077"
"8505","-105.768","-3.080","-105.891","24.079"
"8506","-105.682","-3.029","-105.848","24.128"
"8507","-105.532","-2.995","-105.768","24.159"
"8508","-105.412","-2.921","-105.645","24.185"
"8509","-105.270","-2.874","-105.525","24.181"
"8510","-105.246","-2.763","-105.407","24.216"
"8511","-105.211","-2.797","-105.343","24.236"
"8512","-105.113","-2.850","-105.223","24.256"
"8513","-105.001","-2.864","-105.156","24.294"
"8514","-104.961","-2.916","-105.076","24.316"
"8515","-104.789","-2.950","-105.012","24.348"
"8516","-104.669","-2.887","-104.894","24.374"
"8517","-104.615","-2.889","-104.824","24.383"
"8518","-104.492","-2.903","-104.776","24.407"
"8519","-104.460","-2.892","-104.672","24.456"
"8520","-104.340","-2.890","-104.578","24.506"
"8521","-104.281","-2.830","-104.415","24.553"
"8522","-104.075","-2.837","-104.369","24.568"
"8523","-104.083","-2.812","-104.211","24.590"
"8524","-103.960","-2.804","-104.179","24.614"
"8525","-103.866","-2.808","-104.118","24.616"
"8526","-103.829","-2.852","-103.992","24.624"
"8527","-103.690","-2.887","-103.864","24.650"
"8528","-103.521","-2.914","-103.786","24.687"
"8529","-103.545","-2.934","-103.720","24.699"
"8530","-103.422","-2.961","-103.671","24.718"
"8531","-103.353","-2.965","-103.570","24.754"
"8532","-103.272","-2.901","-103.444","24.763"
"8533","-103.152","-2.796","-103.326","24.752"
"8534","-103.023","-2.734","-103.313","24.771"
"8535","-102.876","-2.712","-103.214","24.785"
"8536","-102.852","-2.771","-103.040","24.805"
"8537","-102.785","-2.750","-102.970","24.807"
"8538","-102.759","-2.735","-102.877","24.784"
"8539","-102.591","-2.705","-102.797","24.786"
"8540","-102.475","-2.565","-102.679","24.843"
"8541","-102.446","-2.597","-102.572","24.890"
"8542","-102.315","-2.560","-102.484","24.905"
"8543","-102.262","-2.543","-102.371","24.888"
"8544","-102.152","-2.545","-102.337","24.921"
"8545","-102.026","-2.558","-102.232","24.989"
"8546","-101.911","-2.592","-102.141","25.020"
"8547","-101.777","-2.636","-102.050","25.005"
"8548","-101.756","-2.706","-101.941","25.016"
"8549","-101.651","-2.711","-101.858","25.045"
"8550","-101.496","-2.687","-101.740","25.021"
"8551","-101.435","-2.684","-101.623","24.985"
"8552","-101.373","-2.690","-101.537","24.986"
"8553","-101.138","-2.666","-101.446","25.027"
"8554","-100.993","-2.633","-101.350","25.069"
"8555","-101.052","-2.614","-101.328","25.113"
"8556","-100.942","-2.628","-101.242","25.146"
"8557","-100.862","-2.636","-101.082","25.173"
"8558","-100.782","-2.622","-100.940","25.188"
"8559","-100.734","-2.687","-100.857","25.206"
"8560","-100.582","-2.712","-100.807","25.237"
"8561","-100.469","-2.689","-100.713","25.268"
"8562","-100.365","-2.707","-100.617","25.302"
"8563","-100.274","-2.709","-100.464","25.328"
"8564","-100.191","-2.658","-100.365","25.346"
"8565","-99.991","-2.616","-100.261","25.353"
"8566","-99.965","-2.633","-100.197","25.374"
"8567","-99.929","-2.713","-100.141","25.401"
"8568","-99.832","-2.723","-100.066","25.403"
"8569","-99.742","-2.760","-99.955","25.412"
"8570","-99.678","-2.733","-99.906","25.410"
"8571","-99.503","-2.774","-99.732","25.403"
"8572","-99.380","-2.768","-99.634","25.413"
"8573","-99.424","-2.640","-99.586","25.413"
"8574","-99.311","-2.582","-99.512","25.411"
"8575","-99.178","-2.566","-99.442","25.433"
"8576","-99.137","-2.547","-99.291","25.486"
"8577","-98.955","-2.463","-99.204","25.504"
"8578","-98.893","-2.461","-99.135","25.484"
"8579","-98.839","-2.499","-99.047","25.510"
"8580","-98.716","-2.538","-98.953","25.535"
"8581","-98.714","-2.513","-98.891","25.557"
"8582","-98.627","-2.524","-98.817","25.581"
"8583","-98.493","-2.544","-98.742","25.577"
"8584","-98.298","-2.608","-98.619","25.610"
"8585","-98.306","-2.612","-98.545","25.619"
"8586","-98.296","-2.573","-98.476","25.613"
"8587","-98.191","-2.614","-98.386","25.612"
"8588","-98.001","-2.607","-98.306","25.626"
"8589","-97.952","-2.630","-98.196","25.637"
"8590","-97.885","-2.675","-98.129","25.628"
"8591","-97.716","-2.714","-98.058","25.633"
"8592","-97.657","-2.669","-97.989","25.611"
"8593","-97.639","-2.685","-97.896","25.558"
"8594","-97.555","-2.697","-97.801","25.536"
"8595","-97.349","-2.565","-97.678","25.506"
"8596","-97.229","-2.468","-97.568","25.537"
"8597","-97.285","-2.493","-97.481","25.585"
"8598","-97.191","-2.439","-97.424","25.601"
"8599","-97.108","-2.443","-97.353","25.612"
"8600","-97.057","-2.433","-97.240","25.630"
"8601","-96.924","-2.523","-97.183","25.628"
"8602","-96.885","-2.542","-97.081","25.643"
"8603","-96.724","-2.535","-97.037","25.674"
"8604","-96.665","-2.511","-96.955","25.654"
"8605","-96.552","-2.562","-96.873","25.650"
"8606","-96.478","-2.591","-96.711","25.657"
"8607","-96.483","-2.592","-96.634","25.664"
"8608","-96.373","-2.677","-96.622","25.675"
"8609","-96.296","-2.703","-96.566","25.713"
"8610","-96.257","-2.666","-96.468","25.726"
"8611","-96.165","-2.635","-96.355","25.741"
"8612","-96.067","-2.631","-96.224","25.726"
"8613","-96.034","-2.567","-96.194","25.728"
"8614","-95.852","-2.546","-96.145","25.724"
"8615","-95.798","-2.495","-96.048","25.737"
"8616","-95.706","-2.497","-95.922","25.744"
"8617","-95.629","-2.443","-95.819","25.724"
"8618","-95.598","-2.461","-95.773","25.749"
"8619","-95.411","-2.400","-95.657","25.771"
"8620","-95.308","-2.354","-95.598","25.777"
"8621","-95.151","-2.311","-95.503","25.784"
"8622","-95.162","-2.295","-95.424","25.786"
"8623","-95.069","-2.369","-95.324","25.758"
"8624","-95.049","-2.377","-95.249","25.780"
"8625","-94.931","-2.407","-95.180","25.811"
"8626","-94.826","-2.378","-95.083","25.794"
"8627","-94.672","-2.399","-94.973","25.787"
"8628","-94.654","-2.487","-94.881","25.812"
"8629","-94.498","-2.501","-94.760","25.812"
"8630","-94.488","-2.501","-94.696","25.831"
"8631","-94.452","-2.489","-94.658","25.860"
"8632","-94.344","-2.532","-94.560","25.874"
"8633","-94.257","-2.476","-94.522","25.869"
"8634","-94.183","-2.465","-94.409","25.846"
"8635","-94.073","-2.445","-94.353","25.782"
"8636","-94.001","-2.465","-94.271","25.729"
"8637","-93.963","-2.422","-94.153","25.697"
"8638","-93.798","-2.393","-94.068","25.719"
"8639","-93.803","-2.382","-93.991","25.712"
"8640","-93.747","-2.407","-93.901","25.736"
"8641","-93.642","-2.411","-93.832","25.741"
"8642","-93.549","-2.393","-93.747","25.734"
"8643","-93.462","-2.368","-93.665","25.743"
"8644","-93.390","-2.211","-93.591","25.759"
"8645","-93.301","-2.209","-93.522","25.763"
"8646","-93.226","-2.221","-93.419","25.766"
"8647","-93.106","-2.266","-93.340","25.790"
"8648","-93.050","-2.221","-93.268","25.804"
"8649","-92.818","-2.151","-93.191","25.784"
"8650","-92.855","-2.179","-93.142","25.778"
"8651","-92.809","-2.220","-93.045","25.760"
"8652","-92.737","-2.272","-92.983","25.738"
"8653","-92.590","-2.321","-92.873","25.743"
"8654","-92.516","-2.255","-92.791","25.741"
"8655","-92.524","-2.214","-92.719","25.734"
"8656","-92.442","-2.189","-92.653","25.734"
"8657","-92.409","-2.146","-92.578","25.710"
"8658","-92.293","-2.143","-92.501","25.713"
"8659","-92.203","-2.094","-92.399","25.710"
"8660","-92.113","-2.261","-92.301","25.708"
"8661","-92.060","-2.221","-92.288","25.687"
"8662","-92.009","-2.149","-92.173","25.693"
"8663","-91.896","-2.126","-92.086","25.713"
"8664","-91.796","-2.120","-92.045","25.678"
"8665","-91.714","-2.208","-91.958","25.691"
"8666","-91.642","-2.196","-91.901","25.716"
"8667","-91.557","-2.286","-91.822","25.694"
"8668","-91.470","-2.389","-91.763","25.703"
"8669","-91.499","-2.403","-91.694","25.696"
"8670","-91.416","-2.422","-91.645","25.683"
"8671","-91.267","-2.385","-91.530","25.690"
"8672","-91.242","-2.362","-91.455","25.695"
"8673","-91.242","-2.352","-91.401","25.695"
"8674","-91.198","-2.259","-91.376","25.673"
"8675","-91.078","-2.218","-91.252","25.633"
"8676","-90.960","-2.215","-91.194","25.607"
"8677","-90.965","-2.178","-91.145","25.603"
"8678","-90.911","-2.129","-91.089","25.609"
"8679","-90.829","-2.091","-91.022","25.564"
"8680","-90.773","-2.120","-90.963","25.548"
"8681","-90.686","-2.186","-90.881","25.505"
"8682","-90.637","-2.239","-90.807","25.502"
"8683","-90.568","-2.208","-90.789","25.536"
"8684","-90.473","-2.175","-90.715","25.560"
"8685","-90.471","-2.169","-90.666","25.577"
"8686","-90.394","-2.229","-90.602","25.578"
"8687","-90.337","-2.187","-90.561","25.547"
"8688","-90.232","-2.107","-90.502","25.532"
"8689","-90.240","-2.119","-90.440","25.530"
"8690","-90.191","-2.158","-90.348","25.512"
"8691","-90.066","-2.148","-90.317","25.493"
"8692","-90.058","-2.135","-90.274","25.526"
"8693","-90.014","-2.078","-90.238","25.535"
"8694","-89.960","-2.131","-90.182","25.539"
"8695","-89.913","-2.221","-90.153","25.517"
"8696","-89.873","-2.168","-90.100","25.518"
"8697","-89.854","-2.145","-90.067","25.500"
"8698","-89.819","-2.114","-90.033","25.465"
"8699","-89.760","-2.114","-89.923","25.446"
"8700","-89.770","-2.167","-89.936","25.465"
"8701","-89.646","-2.194","-89.879","25.452"
"8702","-89.656","-2.266","-89.842","25.413"
"8703","-89.619","-2.218","-89.795","25.408"
"8704","-89.580","-2.088","-89.765","25.430"
"8705","-89.520","-2.099","-89.718","25.433"
"8706","-89.516","-2.062","-89.687","25.428"
"8707","-89.486","-2.080","-89.640","25.438"
"8708","-89.357","-2.018","-89.647","25.429"
"8709","-89.373","-2.061","-89.571","25.413"
"8710","-89.392","-2.041","-89.563","25.387"
"8711","-89.375","-1.995","-89.534","25.350"
"8712","-89.336","-2.005","-89.519","25.355"
"8713","-89.299","-2.098","-89.482","25.363"
"8714","-89.237","-2.217","-89.450","25.368"
"8715","-89.245","-2.178","-89.430","25.366"
"8716","-89.203","-2.186","-89.411","25.349"
"8717","-89.195","-2.169","-89.379","25.360"
"8718","-89.186","-2.087","-89.344","25.344"
"8719","-89.178","-2.058","-89.354","25.351"
"8720","-89.142","-2.043","-89.322","25.347"
"8721","-89.124","-2.074","-89.293","25.347"
"8722","-89.036","-2.097","-89.286","25.332"
"8723","-89.075","-2.131","-89.263","25.312"
"8724","-89.070","-2.088","-89.234","25.312"
"8725","-89.014","-2.145","-89.204","25.282"
"8726","-88.999","-2.119","-89.214","25.223"
"8727","-88.992","-2.125","-89.212","25.185"
"8728","-88.975","-2.166","-89.153","25.183"
"8729","-88.965","-2.133","-89.145","25.199"
"8730","-88.943","-2.056","-89.118","25.197"
"8731","-88.928","-1.986","-89.084","25.190"
"8732","-88.878","-1.933","-89.081","25.193"
"8733","-88.881","-1.966","-89.077","25.195"
"8734","-88.874","-2.007","-89.065","25.200"
"8735","-88.827","-1.980","-89.067","25.206"
"8736","-88.857","-1.965","-89.040","25.173"
"8737","-88.857","-2.033","-89.033","25.164"
"8738","-88.845","-2.097","-89.013","25.143"
"8739","-88.830","-2.216","-88.991","25.112"
"8740","-88.813","-2.364","-88.974","25.095"
"8741","-88.786","-2.366","-88.969","25.082"
"8742","-88.778","-2.310","-88.959","25.012"
"8743","-88.766","-2.275","-88.945","24.917"
"8744","-88.764","-2.203","-88.940","24.924"
"8745","-88.747","-2.102","-88.910","24.937"
"8746","-88.737","-2.058","-88.913","24.922"
"8747","-88.738","-2.071","-88.899","24.922"
"8748","-88.753","-2.077","-88.891","24.938"
"8749","-88.713","-2.040","-88.871","24.945"
"8750","-88.745","-2.039","-88.879","24.936"
"8751","-88.738","-2.097","-88.869","24.931"
"8752","-88.738","-2.134","-88.909","24.921"
"8753","-88.756","-2.140","-88.872","24.912"
"8754","-88.711","-2.127","-88.887","24.884"
"8755","-88.702","-2.125","-88.828","24.820"
"8756","-88.687","-2.174","-88.828","24.717"
"8757","-88.682","-2.166","-88.808","24.710"
"8758","-88.672","-2.100","-88.823","24.695"
"8759","-88.670","-2.063","-88.828","24.656"
"8760","-88.663","-1.993","-88.809","24.651"
"8761","-88.636","-2.017","-88.829","24.696"
"8762","-88.643","-2.062","-88.775","24.714"
"8763","-88.636","-2.048","-88.777","24.755"
"8764","-88.639","-2.087","-88.787","24.769"
"8765","-88.619","-2.227","-88.767","24.756"
"8766","-88.624","-2.331","-88.763","24.736"
"8767","-88.612","-2.346","-88.763","24.734"
"8768","-88.602","-2.374","-88.785","24.732"
"8769","-88.590","-2.345","-88.786","24.732"
"8770","-88.610","-2.310","-88.758","24.759"
"8771","-88.603","-2.265","-88.746","24.750"
"8772","-88.593","-2.164","-88.732","24.743"
"8773","-88.593","-2.117","-88.727","24.715"
"8774","-88.581","-2.086","-88.732","24.627"
"8775","-88.579","-2.040","-88.742","24.561"
"8776","-88.584","-2.044","-88.730","24.566"
"8777","-88.576","-1.991","-88.722","24.586"
"8778","-88.584","-1.976","-88.723","24.595"
"8779","-88.557","-1.998","-88.710","24.619"
"8780","-88.574","-2.040","-88.743","24.613"
"8781","-88.579","-2.089","-88.696","24.593"
"8782","-88.562","-2.048","-88.708","24.575"
"8783","-88.565","-2.035","-88.721","24.554"
"8784","-88.550","-2.068","-88.711","24.545"
"8785","-88.551","-2.142","-88.697","24.559"
"8786","-88.558","-2.168","-88.692","24.554"
"8787","-88.603","-2.123","-88.697","24.524"
"8788","-88.546","-2.106","-88.769","24.515"
"8789","-88.571","-2.067","-88.717","24.530"
"8790","-88.546","-2.057","-88.695","24.544"
"8791","-88.539","-2.015","-88.700","24.526"
"8792","-88.529","-1.951","-88.707","24.518"
"8793","-88.539","-1.945","-88.688","24.507"
"8794","-88.527","-1.972","-88.735","24.496"
"8795","-88.557","-1.943","-88.696","24.465"
"8796","-88.530","-1.920","-88.673","24.446"
"8797","-88.527","-1.791","-88.681","24.452"
"8798","-88.522","-1.739","-88.691","24.439"
"8799","-88.510","-1.774","-88.679","24.430"
"8800","-88.510","-1.749","-88.649","24.397"
"8801","-88.508","-1.755","-88.666","24.372"
"8802","-88.506","-1.772","-88.674","24.361"
"8803","-88.531","-1.841","-88.659","24.343"
"8804","-88.502","-1.800","-88.682","24.331"
"8805","-88.484","-1.822","-88.648","24.304"
"8806","-88.472","-1.812","-88.638","24.307"
"8807","-88.472","-1.793","-88.668","24.296"
"8808","-88.497","-1.772","-88.668","24.281"
"8809","-88.477","-1.793","-88.641","24.274"
"8810","-88.467","-1.793","-88.623","24.280"
"8811","-88.458","-1.822","-88.651","24.268"
"8812","-88.461","-1.867","-88.621","24.250"
"8813","-88.468","-1.852","-88.664","24.241"
"8814","-88.500","-1.840","-88.674","24.230"
"8815","-88.491","-1.893","-88.686","24.222"
"8816","-88.526","-1.856","-88.672","24.271"
"8817","-88.531","-1.792","-88.677","24.269"
"8818","-88.558","-1.761","-88.694","24.288"
"8819","-88.568","-1.746","-88.702","24.297"
"8820","-88.534","-1.845","-88.697","24.282"
"8821","-88.544","-1.851","-88.685","24.287"
"8822","-88.517","-1.764","-88.670","24.271"
"8823","-88.542","-1.781","-88.670","24.260"
"8824","-88.524","-1.754","-88.673","24.276"
"8825","-88.532","-1.729","-88.678","24.298"
"8826","-88.537","-1.719","-88.676","24.302"
"8827","-88.525","-1.741","-88.695","24.333"
"8828","-88.582","-1.733","-88.683","24.342"
"8829","-88.577","-1.764","-88.686","24.356"
"8830","-88.552","-1.694","-88.688","24.365"
"8831","-88.558","-1.778","-88.686","24.356"
"8832","-88.563","-1.739","-88.686","24.356"
"8833","-88.545","-1.660","-88.682","24.392"
"8834","-88.553","-1.672","-88.697","24.436"
"8835","-88.534","-1.736","-88.682","24.429"
"8836","-88.514","-1.730","-88.709","24.436"
"8837","-88.558","-1.715","-88.702","24.449"
"8838","-88.576","-1.726","-88.682","24.475"
"8839","-88.534","-1.787","-88.685","24.511"
"8840","-88.581","-1.804","-88.695","24.546"
"8841","-88.581","-1.836","-88.692","24.546"
"8842","-88.542","-1.882","-88.690","24.562"
"8843","-88.564","-1.943","-88.703","24.570"
"8844","-88.560","-1.930","-88.698","24.591"
"8845","-88.562","-1.899","-88.696","24.600"
"8846","-88.555","-1.854","-88.676","24.609"
"8847","-88.545","-1.951","-88.706","24.585"
"8848","-88.565","-1.903","-88.689","24.565"
"8849","-88.538","-1.798","-88.689","24.615"
"8850","-88.558","-1.802","-88.692","24.666"
"8851","-88.561","-1.773","-88.672","24.708"
"8852","-88.551","-1.773","-88.689","24.737"
"8853","-88.539","-1.839","-88.714","24.765"
"8854","-88.541","-1.861","-88.648","24.786"
"8855","-88.539","-1.814","-88.628","24.779"
"8856","-88.529","-1.766","-88.678","24.804"
"8857","-88.507","-1.723","-88.658","24.859"
"8858","-88.522","-1.682","-88.700","24.841"
"8859","-88.547","-1.630","-88.673","24.857"
"8860","-88.530","-1.644","-88.688","24.925"
"8861","-88.527","-1.615","-88.641","24.960"
"8862","-88.540","-1.576","-88.632","25.006"
"8863","-88.567","-1.541","-88.656","25.020"
"8864","-88.526","-1.522","-88.694","25.040"
"8865","-88.555","-1.496","-88.659","25.073"
"8866","-88.533","-1.539","-88.630","25.081"
"8867","-88.528","-1.528","-88.632","25.095"
"8868","-88.501","-1.538","-88.692","25.086"
"8869","-88.507","-1.590","-88.660","25.122"
"8870","-88.519","-1.612","-88.645","25.168"
"8871","-88.534","-1.727","-88.648","25.197"
"8872","-88.495","-1.704","-88.636","25.204"
"8873","-88.520","-1.671","-88.636","25.234"
"8874","-88.532","-1.737","-88.673","25.243"
"8875","-88.495","-1.803","-88.653","25.258"
"8876","-88.508","-1.809","-88.661","25.285"
"8877","-88.508","-1.799","-88.691","25.285"
"8878","-88.481","-1.782","-88.629","25.294"
"8879","-88.496","-1.747","-88.672","25.308"
"8880","-88.491","-1.705","-88.692","25.349"
"8881","-88.486","-1.640","-88.655","25.394"
"8882","-88.471","-1.600","-88.642","25.413"
"8883","-88.472","-1.633","-88.628","25.444"
"8884","-88.489","-1.654","-88.618","25.453"
"8885","-88.460","-1.647","-88.618","25.467"
"8886","-88.465","-1.616","-88.660","25.508"
"8887","-88.450","-1.618","-88.641","25.526"
"8888","-88.507","-1.573","-88.641","25.535"
"8889","-88.470","-1.556","-88.631","25.559"
"8890","-88.455","-1.558","-88.624","25.546"
"8891","-88.480","-1.618","-88.639","25.533"
"8892","-88.464","-1.655","-88.642","25.562"
"8893","-88.448","-1.648","-88.599","25.598"
"8894","-88.486","-1.632","-88.612","25.633"
"8895","-88.464","-1.640","-88.639","25.629"
"8896","-88.484","-1.633","-88.617","25.602"
"8897","-88.501","-1.637","-88.617","25.587"
"8898","-88.467","-1.674","-88.662","25.488"
"8899","-88.477","-1.691","-88.638","25.447"
"8900","-88.457","-1.604","-88.623","25.497"
"8901","-88.450","-1.612","-88.596","25.559"
"8902","-88.458","-1.665","-88.611","25.561"
"8903","-88.480","-1.675","-88.651","25.566"
"8904","-88.450","-1.714","-88.609","25.601"
"8905","-88.463","-1.706","-88.644","25.617"
"8906","-88.471","-1.687","-88.617","25.644"
"8907","-88.434","-1.671","-88.629","25.661"
"8908","-88.441","-1.638","-88.617","25.699"
"8909","-88.473","-1.590","-88.610","25.721"
"8910","-88.456","-1.611","-88.647","25.703"
"8911","-88.449","-1.604","-88.627","25.677"
"8912","-88.452","-1.715","-88.618","25.664"
"8913","-88.452","-1.687","-88.618","25.664"
"8914","-88.455","-1.621","-88.633","25.666"
"8915","-88.440","-1.567","-88.653","25.695"
"8916","-88.453","-1.497","-88.609","25.698"
"8917","-88.443","-1.575","-88.626","25.700"
"8918","-88.438","-1.542","-88.639","25.731"
"8919","-88.451","-1.531","-88.653","25.755"
"8920","-88.433","-1.519","-88.649","25.777"
"8921","-88.426","-1.490","-88.587","25.802"
"8922","-88.421","-1.475","-88.614","25.806"
"8923","-88.454","-1.522","-88.612","25.778"
"8924","-88.444","-1.646","-88.600","25.789"
"8925","-88.439","-1.724","-88.665","25.809"
"8926","-88.415","-1.666","-88.613","25.816"
"8927","-88.435","-1.635","-88.568","25.820"
"8928","-88.435","-1.604","-88.608","25.851"
"8929","-88.418","-1.567","-88.606","25.843"
"8930","-88.421","-1.667","-88.656","25.854"
"8931","-88.418","-1.739","-88.631","25.861"
"8932","-88.436","-1.766","-88.629","25.865"
"8933","-88.421","-1.753","-88.639","25.856"
"8934","-88.399","-1.729","-88.629","25.894"
"8935","-88.394","-1.693","-88.612","25.883"
"8936","-88.434","-1.646","-88.577","25.861"
"8937","-88.399","-1.635","-88.610","25.875"
"8938","-88.451","-1.638","-88.630","25.899"
"8939","-88.432","-1.559","-88.637","25.904"
"8940","-88.422","-1.532","-88.600","25.892"
"8941","-88.439","-1.522","-88.590","25.873"
"8942","-88.412","-1.452","-88.598","25.891"
"8943","-88.420","-1.407","-88.611","25.866"
"8944","-88.423","-1.445","-88.596","25.865"
"8945","-88.423","-1.455","-88.646","25.843"
"8946","-88.421","-1.494","-88.601","25.837"
"8947","-88.413","-1.445","-88.621","25.845"
"8948","-88.416","-1.387","-88.636","25.861"
"8949","-88.451","-1.356","-88.693","25.872"
"8950","-88.433","-1.410","-88.663","25.881"
"8951","-88.419","-1.360","-88.641","25.907"
"8952","-88.444","-1.362","-88.617","25.916"
"8953","-88.427","-1.374","-88.630","25.932"
"8954","-88.430","-1.349","-88.630","25.965"
"8955","-88.395","-1.353","-88.611","25.972"
"8956","-88.425","-1.359","-88.653","25.976"
"8957","-88.420","-1.308","-88.620","25.957"
"8958","-88.418","-1.279","-88.611","25.928"
"8959","-88.413","-1.270","-88.641","25.950"
"8960","-88.393","-1.293","-88.618","25.966"
"8961","-88.398","-1.250","-88.650","25.946"
"8962","-88.418","-1.229","-88.633","25.955"
"8963","-88.436","-1.245","-88.626","25.909"
"8964","-88.431","-1.282","-88.606","25.867"
"8965","-88.438","-1.241","-88.634","25.867"
"8966","-88.441","-1.220","-88.651","25.850"
"8967","-88.421","-1.346","-88.595","25.800"
"8968","-88.426","-1.389","-88.634","25.765"
"8969","-88.419","-1.385","-88.649","25.745"
"8970","-88.427","-1.368","-88.612","25.754"
"8971","-88.422","-1.318","-88.660","25.763"
"8972","-88.425","-1.302","-88.680","25.781"
"8973","-88.408","-1.312","-88.638","25.776"
"8974","-88.462","-1.361","-88.645","25.807"
"8975","-88.452","-1.379","-88.643","25.814"
"8976","-88.425","-1.355","-88.614","25.816"
"8977","-88.435","-1.383","-88.641","25.797"
"8978","-88.416","-1.398","-88.619","25.801"
"8979","-88.404","-1.379","-88.649","25.784"
"8980","-88.424","-1.408","-88.609","25.790"
"8981","-88.456","-1.364","-88.659","25.776"
"8982","-88.436","-1.389","-88.654","25.767"
"8983","-88.419","-1.448","-88.706","25.736"
"8984","-88.459","-1.467","-88.632","25.727"
"8985","-88.449","-1.423","-88.674","25.727"
"8986","-88.427","-1.421","-88.647","25.737"
"8987","-88.425","-1.394","-88.638","25.757"
"8988","-88.440","-1.367","-88.645","25.777"
"8989","-88.435","-1.421","-88.695","25.783"
"8990","-88.430","-1.488","-88.646","25.766"
"8991","-88.445","-1.558","-88.675","25.726"
"8992","-88.436","-1.525","-88.648","25.716"
"8993","-88.453","-1.447","-88.651","25.707"
"8994","-88.433","-1.445","-88.654","25.712"
"8995","-88.424","-1.476","-88.661","25.711"
"8996","-88.426","-1.512","-88.676","25.725"
"8997","-88.434","-1.502","-88.647","25.712"
"8998","-88.434","-1.465","-88.701","25.696"
"8999","-88.432","-1.450","-88.652","25.649"
"9000","-88.405","-1.444","-88.632","25.644"
"9001","-88.447","-1.411","-88.675","25.636"
"9002","-88.442","-1.390","-88.633","25.633"
"9003","-88.440","-1.384","-88.722","25.638"
"9004","-88.480","-1.299","-88.660","25.614"
"9005","-88.416","-1.291","-88.666","25.616"
"9006","-88.416","-1.354","-88.678","25.637"
"9007","-88.433","-1.299","-88.708","25.645"
"9008","-88.428","-1.225","-88.705","25.659"
"9009","-88.399","-1.223","-88.664","25.659"
"9010","-88.486","-1.224","-88.711","25.652"
"9011","-88.411","-1.198","-88.686","25.646"
"9012","-88.394","-1.167","-88.676","25.655"
"9013","-88.409","-1.222","-88.746","25.637"
"9014","-88.404","-1.195","-88.664","25.591"
"9015","-88.427","-1.142","-88.679","25.578"
"9016","-88.407","-1.092","-88.652","25.554"
"9017","-88.432","-1.026","-88.630","25.534"
"9018","-88.430","-0.966","-88.665","25.546"
"9019","-88.361","-0.960","-88.683","25.555"
"9020","-88.383","-0.951","-88.683","25.568"
"9021","-88.413","-1.036","-88.660","25.539"
"9022","-88.410","-1.032","-88.698","25.526"
"9023","-88.435","-1.033","-88.695","25.531"
"9024","-88.416","-0.994","-88.723","25.522"
"9025","-88.468","-0.971","-88.693","25.445"
"9026","-88.493","-1.027","-88.726","25.395"
"9027","-88.456","-0.977","-88.736","25.417"
"9028","-88.431","-0.965","-88.753","25.419"
"9029","-88.427","-0.981","-88.726","25.439"
"9030","-88.397","-0.921","-88.706","25.460"
"9031","-88.400","-0.929","-88.689","25.468"
"9032","-88.402","-0.999","-88.702","25.447"
"9033","-88.400","-1.036","-88.734","25.462"
"9034","-88.388","-1.044","-88.700","25.443"
"9035","-88.388","-1.067","-88.734","25.427"
"9036","-88.393","-1.170","-88.774","25.427"
"9037","-88.413","-1.215","-88.722","25.428"
"9038","-88.411","-1.163","-88.755","25.443"
"9039","-88.381","-1.118","-88.807","25.421"
"9040","-88.359","-1.062","-88.750","25.402"
"9041","-88.421","-1.053","-88.731","25.430"
"9042","-88.389","-1.033","-88.746","25.452"
"9043","-88.434","-0.996","-88.741","25.426"
"9044","-88.392","-1.004","-88.736","25.385"
"9045","-88.422","-1.045","-88.805","25.347"
"9046","-88.400","-1.088","-88.823","25.350"
"9047","-88.405","-1.059","-88.721","25.337"
"9048","-88.402","-1.061","-88.793","25.291"
"9049","-88.484","-1.114","-88.766","25.289"
"9050","-88.408","-1.131","-88.828","25.260"
"9051","-88.497","-1.126","-88.764","25.232"
"9052","-88.450","-1.139","-88.797","25.175"
"9053","-88.391","-1.132","-88.807","25.109"
"9054","-88.413","-1.142","-88.792","25.103"
"9055","-88.379","-1.140","-88.753","25.125"
"9056","-88.399","-1.163","-88.755","25.123"
"9057","-88.384","-1.173","-88.701","25.112"
"9058","-88.392","-1.189","-88.763","25.112"
"9059","-88.394","-1.158","-88.803","25.138"
"9060","-88.387","-1.181","-88.818","25.152"
"9061","-88.449","-1.156","-88.828","25.176"
"9062","-88.392","-1.146","-88.798","25.185"
"9063","-88.437","-1.115","-88.801","25.179"
"9064","-88.393","-1.084","-88.831","25.183"
"9065","-88.405","-1.063","-88.823","25.154"
"9066","-88.403","-1.015","-88.843","25.096"
"9067","-88.400","-1.034","-88.816","25.093"
"9068","-88.410","-1.108","-88.841","25.107"
"9069","-88.403","-1.165","-88.829","25.126"
"9070","-88.406","-1.161","-88.819","25.157"
"9071","-88.478","-1.192","-88.856","25.191"
"9072","-88.431","-1.175","-88.827","25.160"
"9073","-88.396","-1.235","-88.867","25.171"
"9074","-88.394","-1.189","-88.815","25.171"
"9075","-88.389","-1.154","-88.817","25.147"
"9076","-88.412","-1.113","-88.771","25.150"
"9077","-88.427","-1.109","-88.823","25.165"
"9078","-88.422","-1.096","-88.828","25.163"
"9079","-88.419","-1.117","-88.862","25.145"
"9080","-88.437","-1.156","-88.828","25.115"
"9081","-88.472","-1.133","-88.855","25.106"
"9082","-88.420","-1.114","-88.851","25.113"
"9083","-88.445","-1.149","-88.868","25.054"
"9084","-88.455","-1.203","-88.863","24.964"
"9085","-88.448","-1.235","-88.814","24.920"
"9086","-88.440","-1.202","-88.876","24.914"
"9087","-88.416","-1.200","-88.874","24.903"
"9088","-88.441","-1.165","-88.819","24.880"
"9089","-88.470","-1.225","-88.866","24.903"
"9090","-88.389","-1.165","-88.864","24.949"
"9091","-88.406","-1.113","-88.829","24.986"
"9092","-88.374","-1.089","-88.834","24.993"
"9093","-88.359","-1.068","-88.847","24.974"
"9094","-88.439","-1.033","-88.842","24.936"
"9095","-88.397","-1.016","-88.877","24.928"
"9096","-88.437","-1.006","-88.848","24.860"
"9097","-88.444","-0.966","-88.885","24.794"
"9098","-88.464","-0.997","-88.877","24.741"
"9099","-88.440","-1.001","-88.870","24.763"
"9100","-88.430","-0.978","-88.878","24.777"
"9101","-88.477","-1.001","-88.868","24.788"
"9102","-88.452","-1.001","-88.883","24.786"
"9103","-88.470","-0.976","-88.883","24.779"
"9104","-88.447","-0.978","-88.888","24.783"
"9105","-88.458","-1.077","-88.888","24.770"
"9106","-88.426","-1.042","-88.874","24.771"
"9107","-88.436","-0.992","-88.879","24.755"
"9108","-88.443","-1.006","-88.874","24.745"
"9109","-88.448","-1.085","-88.884","24.738"
"9110","-88.461","-1.167","-88.877","24.749"
"9111","-88.451","-1.111","-88.877","24.765"
"9112","-88.476","-1.068","-88.850","24.769"
"9113","-88.436","-1.066","-88.874","24.782"
"9114","-88.441","-1.031","-88.867","24.789"
"9115","-88.439","-1.101","-88.840","24.769"
"9116","-88.442","-1.115","-88.885","24.739"
"9117","-88.402","-1.086","-88.885","24.721"
"9118","-88.410","-1.047","-88.883","24.708"
"9119","-88.526","-1.145","-88.870","24.717"
"9120","-88.472","-1.141","-88.890","24.695"
"9121","-88.403","-1.087","-88.871","24.678"
"9122","-88.423","-1.054","-88.890","24.647"
"9123","-88.430","-1.040","-88.888","24.568"
"9124","-88.460","-1.066","-88.893","24.590"
"9125","-88.445","-1.081","-88.861","24.599"
"9126","-88.431","-1.072","-88.886","24.621"
"9127","-88.431","-1.079","-88.876","24.641"
"9128","-88.423","-1.103","-88.856","24.606"
"9129","-88.394","-1.043","-88.872","24.547"
"9130","-88.434","-0.951","-88.882","24.496"
"9131","-88.382","-0.953","-88.872","24.519"
"9132","-88.412","-1.022","-88.867","24.551"
"9133","-88.424","-1.117","-88.870","24.558"
"9134","-88.442","-1.222","-88.867","24.581"
"9135","-88.447","-1.207","-88.877","24.547"
"9136","-88.437","-1.187","-88.877","24.497"
"9137","-88.464","-1.203","-88.885","24.513"
"9138","-88.417","-1.222","-88.875","24.559"
"9139","-88.422","-1.180","-88.883","24.566"
"9140","-88.420","-1.135","-88.885","24.586"
"9141","-88.477","-1.093","-88.888","24.603"
"9142","-88.435","-1.180","-88.893","24.610"
"9143","-88.487","-1.135","-88.881","24.625"
"9144","-88.418","-1.071","-88.891","24.627"
"9145","-88.423","-0.986","-88.896","24.638"
"9146","-88.512","-0.970","-88.888","24.648"
"9147","-88.453","-1.005","-88.901","24.641"
"9148","-88.468","-1.041","-88.909","24.632"
"9149","-88.478","-1.101","-88.899","24.657"
"9150","-88.431","-1.099","-88.904","24.666"
"9151","-88.438","-1.122","-88.911","24.696"
"9152","-88.421","-1.072","-88.892","24.745"
"9153","-88.426","-1.029","-88.884","24.763"
"9154","-88.446","-1.016","-88.880","24.791"
"9155","-88.412","-1.004","-88.882","24.782"
"9156","-88.437","-0.880","-88.875","24.796"
"9157","-88.405","-0.820","-88.877","24.833"
"9158","-88.400","-0.841","-88.877","24.873"
"9159","-88.400","-0.948","-88.887","24.899"
"9160","-88.482","-0.943","-88.888","24.917"
"9161","-88.395","-0.972","-88.883","24.950"
"9162","-88.405","-0.954","-88.885","24.961"
"9163","-88.418","-0.906","-88.883","24.981"
"9164","-88.391","-0.902","-88.891","25.001"
"9165","-88.401","-0.889","-88.884","25.019"
"9166","-88.458","-0.834","-88.876","24.993"
"9167","-88.448","-0.788","-88.891","25.004"
"9168","-88.419","-0.803","-88.889","25.041"
"9169","-88.436","-0.833","-88.881","25.061"
"9170","-88.448","-0.786","-88.882","25.081"
"9171","-88.431","-0.739","-88.894","25.085"
"9172","-88.407","-0.726","-88.884","25.101"
"9173","-88.407","-0.734","-88.894","25.123"
"9174","-88.442","-0.782","-88.894","25.132"
"9175","-88.424","-0.794","-88.897","25.170"
"9176","-88.429","-0.790","-88.887","25.225"
"9177","-88.444","-0.711","-88.892","25.240"
"9178","-88.445","-0.660","-88.893","25.254"
"9179","-88.464","-0.635","-88.880","25.262"
"9180","-88.440","-0.672","-88.895","25.269"
"9181","-88.435","-0.662","-88.895","25.271"
"9182","-88.428","-0.744","-88.886","25.265"
"9183","-88.480","-0.832","-88.888","25.280"
"9184","-88.460","-0.799","-88.889","25.309"
"9185","-88.461","-0.852","-88.899","25.298"
"9186","-88.448","-0.918","-88.899","25.298"
"9187","-88.438","-0.916","-88.894","25.288"
"9188","-88.505","-0.899","-88.892","25.301"
"9189","-88.483","-0.915","-88.892","25.297"
"9190","-88.474","-0.868","-88.887","25.336"
"9191","-88.498","-0.794","-88.882","25.356"
"9192","-88.444","-0.810","-88.892","25.389"
"9193","-88.476","-0.765","-88.890","25.418"
"9194","-88.457","-0.752","-88.887","25.416"
"9195","-88.531","-0.719","-88.890","25.451"
"9196","-88.467","-0.771","-88.888","25.462"
"9197","-88.487","-0.773","-88.893","25.464"
"9198","-88.470","-0.762","-88.886","25.504"
"9199","-88.500","-0.772","-88.886","25.539"
"9200","-88.458","-0.801","-88.883","25.546"
"9201","-88.443","-0.832","-88.891","25.586"
"9202","-88.418","-0.840","-88.874","25.630"
"9203","-88.421","-0.842","-88.879","25.652"
"9204","-88.512","-0.862","-88.879","25.667"
"9205","-88.446","-0.829","-88.862","25.639"
"9206","-88.436","-0.776","-88.869","25.600"
"9207","-88.439","-0.724","-88.867","25.622"
"9208","-88.419","-0.743","-88.872","25.637"
"9209","-88.461","-0.718","-88.872","25.637"
"9210","-88.387","-0.717","-88.868","25.625"
"9211","-88.412","-0.754","-88.860","25.596"
"9212","-88.472","-0.820","-88.865","25.594"
"9213","-88.432","-0.886","-88.873","25.614"
"9214","-88.472","-0.873","-88.875","25.618"
"9215","-88.433","-0.855","-88.868","25.640"
"9216","-88.457","-0.851","-88.886","25.656"
"9217","-88.475","-0.807","-88.876","25.661"
"9218","-88.450","-0.823","-88.876","25.665"
"9219","-88.416","-0.837","-88.879","25.677"
"9220","-88.402","-0.899","-88.877","25.664"
"9221","-88.436","-0.893","-88.867","25.683"
"9222","-88.417","-0.887","-88.877","25.723"
"9223","-88.471","-0.880","-88.872","25.765"
"9224","-88.424","-0.835","-88.862","25.794"
"9225","-88.456","-0.808","-88.870","25.787"
"9226","-88.405","-0.847","-88.857","25.776"
"9227","-88.405","-0.890","-88.863","25.759"
"9228","-88.449","-0.880","-88.868","25.792"
"9229","-88.430","-0.869","-88.875","25.814"
"9230","-88.452","-0.917","-88.878","25.818"
"9231","-88.422","-0.841","-88.878","25.783"
"9232","-88.420","-0.849","-88.876","25.746"
"9233","-88.443","-0.817","-88.868","25.755"
"9234","-88.470","-0.846","-88.874","25.779"
"9235","-88.473","-0.803","-88.866","25.810"
"9236","-88.438","-0.825","-88.869","25.824"
"9237","-88.426","-0.844","-88.872","25.841"
"9238","-88.411","-0.815","-88.867","25.887"
"9239","-88.471","-0.802","-88.877","25.888"
"9240","-88.434","-0.817","-88.874","25.883"
"9241","-88.424","-0.808","-88.880","25.884"
"9242","-88.425","-0.781","-88.873","25.910"
"9243","-88.405","-0.748","-88.878","25.934"
"9244","-88.450","-0.727","-88.883","25.930"
"9245","-88.388","-0.715","-88.868","25.893"
"9246","-88.435","-0.692","-88.870","25.888"
"9247","-88.430","-0.698","-88.881","25.902"
"9248","-88.450","-0.676","-88.863","25.924"
"9249","-88.415","-0.678","-88.866","25.933"
"9250","-88.423","-0.657","-88.866","25.957"
"9251","-88.396","-0.651","-88.866","25.975"
"9252","-88.426","-0.640","-88.864","25.936"
"9253","-88.426","-0.595","-88.864","25.900"
"9254","-88.458","-0.568","-88.859","25.876"
"9255","-88.379","-0.586","-88.854","25.868"
"9256","-88.421","-0.539","-88.862","25.859"
"9257","-88.456","-0.568","-88.867","25.853"
"9258","-88.382","-0.567","-88.867","25.877"
"9259","-88.407","-0.547","-88.850","25.895"
"9260","-88.437","-0.605","-88.855","25.910"
"9261","-88.472","-0.577","-88.855","25.903"
"9262","-88.447","-0.623","-88.850","25.875"
"9263","-88.413","-0.637","-88.848","25.853"
"9264","-88.415","-0.624","-88.853","25.860"
"9265","-88.502","-0.628","-88.863","25.882"
"9266","-88.395","-0.589","-88.863","25.851"
"9267","-88.408","-0.597","-88.861","25.810"
"9268","-88.475","-0.638","-88.856","25.852"
"9269","-88.418","-0.677","-88.854","25.876"
"9270","-88.431","-0.653","-88.854","25.896"
"9271","-88.446","-0.626","-88.856","25.911"
"9272","-88.428","-0.651","-88.856","25.909"
"9273","-88.458","-0.716","-88.852","25.914"
"9274","-88.510","-0.675","-88.859","25.905"
"9275","-88.468","-0.591","-88.862","25.866"
"9276","-88.434","-0.576","-88.857","25.844"
"9277","-88.476","-0.558","-88.852","25.872"
"9278","-88.431","-0.522","-88.860","25.863"
"9279","-88.459","-0.530","-88.860","25.818"
"9280","-88.449","-0.471","-88.863","25.789"
"9281","-88.397","-0.477","-88.858","25.803"
"9282","-88.442","-0.542","-88.858","25.792"
"9283","-88.447","-0.590","-88.863","25.787"
"9284","-88.420","-0.606","-88.863","25.776"
"9285","-88.422","-0.590","-88.873","25.757"
"9286","-88.482","-0.602","-88.876","25.761"
"9287","-88.443","-0.597","-88.876","25.763"
"9288","-88.534","-0.589","-88.873","25.792"
"9289","-88.460","-0.620","-88.873","25.792"
"9290","-88.450","-0.620","-88.876","25.814"
"9291","-88.468","-0.628","-88.881","25.808"
"9292","-88.450","-0.659","-88.876","25.782"
"9293","-88.495","-0.603","-88.869","25.769"
"9294","-88.441","-0.543","-88.874","25.780"
"9295","-88.471","-0.481","-88.879","25.802"
"9296","-88.456","-0.504","-88.869","25.782"
"9297","-88.451","-0.551","-88.867","25.780"
"9298","-88.421","-0.593","-88.857","25.787"
"9299","-88.454","-0.632","-88.862","25.800"
"9300","-88.444","-0.617","-88.869","25.820"
"9301","-88.481","-0.609","-88.865","25.815"
"9302","-88.501","-0.602","-88.875","25.817"
"9303","-88.414","-0.592","-88.877","25.796"
"9304","-88.479","-0.508","-88.877","25.780"
"9305","-88.449","-0.458","-88.883","25.765"
"9306","-88.494","-0.437","-88.883","25.763"
"9307","-88.499","-0.402","-88.870","25.777"
"9308","-88.474","-0.376","-88.863","25.794"
"9309","-88.489","-0.386","-88.861","25.783"
"9310","-88.420","-0.398","-88.858","25.775"
"9311","-88.440","-0.365","-88.849","25.797"
"9312","-88.438","-0.346","-88.841","25.792"
"9313","-88.393","-0.346","-88.827","25.722"
"9314","-88.428","-0.299","-88.834","25.685"
"9315","-88.468","-0.342","-88.819","25.691"
"9316","-88.485","-0.364","-88.809","25.696"
"9317","-88.436","-0.375","-88.812","25.714"
"9318","-88.463","-0.350","-88.810","25.722"
"9319","-88.466","-0.302","-88.810","25.699"
"9320","-88.446","-0.298","-88.805","25.663"
"9321","-88.444","-0.333","-88.802","25.661"
"9322","-88.456","-0.337","-88.797","25.643"
"9323","-88.419","-0.364","-88.795","25.628"
"9324","-88.436","-0.315","-88.792","25.606"
"9325","-88.429","-0.356","-88.795","25.598"
"9326","-88.429","-0.417","-88.788","25.602"
"9327","-88.481","-0.471","-88.800","25.596"
"9328","-88.471","-0.485","-88.795","25.622"
"9329","-88.454","-0.467","-88.788","25.631"
"9330","-88.459","-0.475","-88.793","25.613"
"9331","-88.440","-0.475","-88.796","25.605"
"9332","-88.452","-0.501","-88.796","25.599"
"9333","-88.454","-0.479","-88.796","25.579"
"9334","-88.507","-0.563","-88.804","25.572"
"9335","-88.425","-0.635","-88.806","25.555"
"9336","-88.509","-0.672","-88.809","25.568"
"9337","-88.482","-0.589","-88.809","25.570"
"9338","-88.458","-0.548","-88.804","25.531"
"9339","-88.478","-0.585","-88.817","25.529"
"9340","-88.562","-0.525","-88.844","25.513"
"9341","-88.507","-0.519","-88.884","25.514"
"9342","-88.490","-0.492","-88.884","25.520"
"9343","-88.458","-0.533","-88.881","25.472"
"9344","-88.490","-0.498","-88.884","25.408"
"9345","-88.461","-0.483","-88.874","25.384"
"9346","-88.454","-0.467","-88.865","25.343"
"9347","-88.486","-0.475","-88.850","25.374"
"9348","-88.509","-0.479","-88.833","25.385"
"9349","-88.561","-0.495","-88.833","25.381"
"9350","-88.437","-0.530","-88.843","25.367"
"9351","-88.482","-0.530","-88.843","25.357"
"9352","-88.482","-0.548","-88.843","25.400"
"9353","-88.452","-0.565","-88.848","25.411"
"9354","-88.491","-0.523","-88.843","25.394"
"9355","-88.536","-0.458","-88.853","25.400"
"9356","-88.487","-0.437","-88.855","25.401"
"9357","-88.475","-0.443","-88.851","25.396"
"9358","-88.524","-0.398","-88.851","25.368"
"9359","-88.495","-0.324","-88.849","25.333"
"9360","-88.482","-0.328","-88.856","25.318"
"9361","-88.465","-0.321","-88.851","25.318"
"9362","-88.490","-0.336","-88.866","25.307"
"9363","-88.493","-0.336","-88.867","25.314"
"9364","-88.476","-0.385","-88.864","25.310"
"9365","-88.476","-0.373","-88.857","25.310"
"9366","-88.471","-0.350","-88.877","25.329"
"9367","-88.473","-0.325","-88.877","25.338"
"9368","-88.473","-0.321","-88.872","25.308"
"9369","-88.468","-0.356","-88.874","25.294"
"9370","-88.491","-0.362","-88.882","25.286"
"9371","-88.464","-0.320","-88.872","25.281"
"9372","-88.513","-0.370","-88.875","25.242"
"9373","-88.491","-0.427","-88.870","25.215"
"9374","-88.541","-0.469","-88.872","25.205"
"9375","-88.568","-0.545","-88.873","25.194"
"9376","-88.492","-0.602","-88.858","25.185"
"9377","-88.454","-0.573","-88.855","25.181"
"9378","-88.437","-0.491","-88.811","25.183"
"9379","-88.467","-0.460","-88.702","25.188"
"9380","-88.455","-0.486","-88.564","25.203"
"9381","-88.455","-0.427","-88.460","25.208"
"9382","-88.443","-0.383","-88.363","25.168"
"9383","-88.490","-0.387","-88.299","25.120"
"9384","-88.465","-0.375","-88.220","25.107"
"9385","-88.453","-0.315","-88.151","25.045"
"9386","-88.473","-0.282","-88.079","24.935"
"9387","-88.515","-0.278","-88.025","24.885"
"9388","-88.448","-0.268","-87.956","24.901"
"9389","-88.466","-0.228","-87.928","24.925"
"9390","-88.458","-0.208","-87.894","24.905"
"9391","-88.456","-0.206","-87.845","24.883"
"9392","-88.451","-0.245","-87.800","24.868"
"9393","-88.501","-0.251","-87.746","24.870"
"9394","-88.503","-0.220","-87.686","24.864"
"9395","-88.449","-0.249","-87.654","24.855"
"9396","-88.439","-0.263","-87.620","24.864"
"9397","-88.476","-0.296","-87.598","24.853"
"9398","-88.543","-0.310","-87.565","24.847"
"9399","-88.523","-0.298","-87.531","24.835"
"9400","-88.519","-0.351","-87.511","24.822"
"9401","-88.526","-0.310","-87.519","24.794"
"9402","-88.531","-0.312","-87.491","24.781"
"9403","-88.454","-0.275","-87.459","24.803"
"9404","-88.477","-0.361","-87.442","24.768"
"9405","-88.489","-0.412","-87.445","24.730"
"9406","-88.479","-0.388","-87.437","24.735"
"9407","-88.460","-0.381","-87.410","24.720"
"9408","-88.504","-0.371","-87.398","24.672"
"9409","-88.559","-0.359","-87.566","24.647"
"9410","-88.497","-0.348","-88.106","24.652"
"9411","-88.495","-0.330","-88.576","24.678"
"9412","-88.604","-0.377","-88.824","24.683"
"9413","-88.485","-0.360","-88.872","24.668"
"9414","-88.478","-0.440","-88.879","24.644"
"9415","-88.510","-0.374","-88.892","24.642"
"9416","-88.483","-0.333","-88.899","24.681"
"9417","-88.535","-0.331","-88.894","24.679"
"9418","-88.540","-0.358","-88.884","24.672"
"9419","-88.547","-0.410","-88.889","24.696"
"9420","-88.490","-0.422","-88.891","24.712"
"9421","-88.498","-0.389","-88.892","24.694"
"9422","-88.459","-0.343","-88.897","24.662"
"9423","-88.553","-0.339","-88.902","24.629"
"9424","-88.558","-0.263","-88.899","24.583"
"9425","-88.615","-0.217","-88.890","24.574"
"9426","-88.553","-0.213","-88.890","24.603"
"9427","-88.551","-0.234","-88.895","24.633"
"9428","-88.553","-0.221","-88.892","24.651"
"9429","-88.588","-0.232","-88.890","24.667"
"9430","-88.571","-0.268","-88.888","24.698"
"9431","-88.539","-0.293","-88.891","24.729"
"9432","-88.552","-0.342","-88.896","24.748"
"9433","-88.621","-0.305","-88.893","24.771"
"9434","-88.574","-0.307","-88.901","24.793"
"9435","-88.648","-0.274","-88.886","24.826"
"9436","-88.601","-0.297","-88.841","24.861"
"9437","-88.594","-0.323","-88.549","24.846"
"9438","-88.648","-0.241","-88.188","24.790"
"9439","-88.557","-0.249","-87.911","24.766"
"9440","-88.671","-0.321","-87.681","24.738"
"9441","-88.666","-0.272","-87.475","24.731"
"9442","-88.708","-0.259","-87.330","24.760"
"9443","-88.639","-0.275","-87.179","24.818"
"9444","-88.620","-0.261","-87.043","24.855"
"9445","-88.657","-0.246","-86.912","24.873"
"9446","-88.659","-0.203","-86.801","24.917"
"9447","-88.593","-0.211","-86.664","24.948"
"9448","-88.593","-0.362","-87.335","24.989"
"9449","-88.672","-0.316","-88.506","25.003"
"9450","-88.714","-0.316","-88.600","25.018"
"9451","-88.660","-0.289","-88.618","25.016"
"9452","-88.625","-0.275","-88.628","25.031"
"9453","-88.700","-0.303","-88.625","25.065"
"9454","-88.623","-0.330","-88.631","25.069"
"9455","-88.635","-0.334","-88.635","25.071"
"9456","-88.569","-0.346","-88.636","25.100"
"9457","-88.529","-0.291","-88.628","25.128"
"9458","-88.566","-0.250","-88.631","25.162"
"9459","-88.604","-0.210","-88.623","25.230"
"9460","-88.629","-0.184","-88.619","25.296"
"9461","-88.638","-0.212","-88.619","25.340"
"9462","-88.597","-0.192","-88.616","25.366"
"9463","-88.527","-0.231","-88.622","25.371"
"9464","-88.661","-0.200","-88.612","25.397"
"9465","-88.629","-0.204","-88.612","25.410"
"9466","-88.550","-0.163","-88.617","25.382"
"9467","-88.607","-0.134","-88.622","25.354"
"9468","-88.622","-0.181","-88.627","25.358"
"9469","-88.706","-0.214","-88.612","25.378"
"9470","-88.654","-0.197","-88.657","25.418"
"9471","-88.538","-0.205","-88.793","25.479"
"9472","-88.600","-0.298","-88.825","25.528"
"9473","-88.610","-0.302","-88.848","25.570"
"9474","-88.618","-0.296","-88.860","25.602"
"9475","-88.637","-0.357","-88.855","25.633"
"9476","-88.647","-0.400","-88.858","25.633"
"9477","-88.667","-0.361","-88.853","25.607"
"9478","-88.583","-0.380","-88.851","25.594"
"9479","-88.606","-0.338","-88.853","25.605"
"9480","-88.660","-0.369","-88.863","25.623"
"9481","-88.537","-0.340","-88.856","25.627"
"9482","-88.673","-0.307","-88.856","25.627"
"9483","-88.683","-0.336","-88.861","25.680"
"9484","-88.703","-0.352","-88.861","25.714"
"9485","-88.673","-0.363","-88.859","25.770"
"9486","-88.629","-0.346","-88.844","25.821"
"9487","-88.668","-0.340","-88.844","25.836"
"9488","-88.706","-0.274","-88.847","25.835"
"9489","-88.627","-0.276","-88.849","25.824"
"9490","-88.711","-0.294","-88.844","25.859"
"9491","-88.614","-0.276","-88.835","25.866"
"9492","-88.731","-0.296","-88.852","25.863"
"9493","-88.719","-0.269","-88.845","25.890"
"9494","-88.595","-0.243","-88.847","25.899"
"9495","-88.639","-0.201","-88.850","25.908"
"9496","-88.701","-0.218","-88.855","25.963"
"9497","-88.674","-0.240","-88.855","26.000"
"9498","-88.600","-0.185","-88.857","26.029"
"9499","-88.702","-0.205","-88.850","26.040"
"9500","-88.628","-0.207","-88.848","26.040"
"9501","-88.690","-0.230","-88.848","26.053"
"9502","-88.640","-0.310","-88.841","26.058"
"9503","-88.660","-0.349","-88.838","26.060"
"9504","-88.712","-0.351","-88.861","26.084"
"9505","-88.705","-0.359","-88.881","26.097"
"9506","-88.623","-0.301","-88.896","26.137"
"9507","-88.693","-0.231","-88.893","26.175"
"9508","-88.628","-0.196","-88.898","26.183"
"9509","-88.636","-0.171","-88.893","26.159"
"9510","-88.648","-0.110","-88.901","26.137"
"9511","-88.614","-0.132","-88.901","26.159"
"9512","-88.720","-0.144","-88.896","26.193"
"9513","-88.725","-0.113","-88.891","26.239"
"9514","-88.676","-0.076","-88.891","26.293"
"9515","-88.688","-0.101","-88.894","26.333"
"9516","-88.666","-0.078","-88.899","26.324"
"9517","-88.686","-0.072","-88.899","26.296"
"9518","-88.706","-0.021","-88.894","26.279"
"9519","-88.736","-0.016","-88.897","26.241"
"9520","-88.704","-0.055","-88.899","26.195"
"9521","-88.738","-0.047","-88.892","26.219"
"9522","-88.726","-0.010","-88.887","26.279"
"9523","-88.649","-0.053","-88.890","26.332"
"9524","-88.717","-0.100","-88.907","26.394"
"9525","-88.674","-0.096","-88.885","26.453"
"9526","-88.677","-0.104","-88.877","26.464"
"9527","-88.650","-0.082","-88.892","26.460"
"9528","-88.684","-0.139","-88.895","26.415"
"9529","-88.734","-0.149","-88.888","26.339"
"9530","-88.737","-0.164","-88.888","26.289"
"9531","-88.729","-0.139","-88.885","26.306"
"9532","-88.685","-0.128","-88.890","26.308"
"9533","-88.688","-0.198","-88.898","26.311"
"9534","-88.707","-0.198","-88.893","26.324"
"9535","-88.732","-0.170","-88.888","26.370"
"9536","-88.715","-0.143","-88.893","26.405"
"9537","-88.683","-0.141","-88.891","26.427"
"9538","-88.675","-0.229","-88.888","26.440"
"9539","-88.680","-0.221","-88.888","26.443"
"9540","-88.728","-0.149","-88.886","26.445"
"9541","-88.728","-0.128","-88.893","26.417"
"9542","-88.686","-0.187","-88.886","26.412"
"9543","-88.713","-0.179","-88.899","26.430"
"9544","-88.713","-0.171","-88.889","26.461"
"9545","-88.711","-0.140","-88.899","26.467"
"9546","-88.674","-0.134","-88.894","26.454"
"9547","-88.718","-0.123","-88.894","26.448"
"9548","-88.691","-0.138","-88.899","26.448"
"9549","-88.723","-0.169","-88.899","26.444"
"9550","-88.753","-0.199","-88.902","26.448"
"9551","-88.746","-0.216","-88.907","26.448"
"9552","-88.741","-0.228","-88.899","26.439"
"9553","-88.744","-0.154","-88.892","26.475"
"9554","-88.741","-0.176","-88.900","26.490"
"9555","-88.756","-0.172","-88.897","26.490"
"9556","-88.739","-0.150","-88.902","26.506"
"9557","-88.744","-0.104","-88.895","26.499"
"9558","-88.744","-0.154","-88.892","26.481"
"9559","-88.749","-0.221","-88.897","26.466"
"9560","-88.759","-0.221","-88.910","26.488"
"9561","-88.747","-0.157","-88.905","26.512"
"9562","-88.749","-0.116","-88.898","26.512"
"9563","-88.729","-0.127","-88.893","26.462"
"9564","-88.705","-0.106","-88.890","26.434"
"9565","-88.737","-0.093","-88.895","26.388"
"9566","-88.695","-0.122","-88.901","26.381"
"9567","-88.750","-0.118","-88.901","26.405"
"9568","-88.710","-0.093","-88.906","26.408"
"9569","-88.752","-0.075","-88.898","26.394"
"9570","-88.737","-0.037","-88.893","26.386"
"9571","-88.738","-0.039","-88.886","26.397"
"9572","-88.706","-0.056","-88.896","26.401"
"9573","-88.738","-0.056","-88.899","26.380"
"9574","-88.748","-0.035","-88.909","26.364"
"9575","-88.743","-0.029","-88.901","26.373"
"9576","-88.716","-0.037","-88.884","26.395"
"9577","-88.733","-0.056","-88.884","26.421"
"9578","-88.733","-0.037","-88.894","26.426"
"9579","-88.731","0.030","-88.882","26.466"
"9580","-88.738","0.059","-88.909","26.475"
"9581","-88.743","0.028","-88.934","26.437"
"9582","-88.756","0.001","-88.924","26.360"
"9583","-88.744","-0.084","-88.912","26.336"
"9584","-88.719","-0.102","-88.902","26.391"
"9585","-88.744","-0.116","-88.902","26.440"
"9586","-88.719","-0.065","-88.898","26.444"
"9587","-88.747","-0.057","-88.900","26.473"
"9588","-88.752","-0.003","-88.898","26.502"
"9589","-88.742","-0.013","-88.895","26.513"
"9590","-88.732","0.018","-88.888","26.510"
"9591","-88.734","0.047","-88.893","26.477"
"9592","-88.744","0.068","-88.885","26.438"
"9593","-88.747","0.048","-88.893","26.443"
"9594","-88.740","0.073","-88.888","26.475"
"9595","-88.745","0.031","-88.891","26.484"
"9596","-88.718","0.004","-88.891","26.491"
"9597","-88.718","0.023","-88.886","26.482"
"9598","-88.738","-0.042","-88.891","26.482"
"9599","-88.745","-0.085","-88.889","26.463"
"9600","-88.738","-0.107","-88.889","26.445"
"9601","-88.738","-0.107","-88.886","26.459"
"9602","-88.733","-0.091","-88.879","26.478"
"9603","-88.733","-0.080","-88.879","26.465"
"9604","-88.735","-0.097","-88.879","26.437"
"9605","-88.741","-0.045","-88.879","26.402"
"9606","-88.736","-0.057","-88.882","26.371"
"9607","-88.733","-0.061","-88.875","26.373"
"9608","-88.738","-0.131","-88.879","26.375"
"9609","-88.721","-0.140","-88.879","26.382"
"9610","-88.741","-0.109","-88.887","26.364"
"9611","-88.731","-0.137","-88.890","26.330"
"9612","-88.739","-0.119","-88.882","26.332"
"9613","-88.744","-0.154","-88.887","26.339"
"9614","-88.729","-0.125","-88.888","26.326"
"9615","-88.741","-0.090","-88.890","26.323"
"9616","-88.737","-0.083","-88.878","26.328"
"9617","-88.734","-0.075","-88.887","26.332"
"9618","-88.731","-0.053","-88.880","26.326"
"9619","-88.734","-0.069","-88.880","26.268"
"9620","-88.732","-0.063","-88.875","26.242"
"9621","-88.727","-0.065","-88.883","26.227"
"9622","-88.737","-0.059","-88.880","26.212"
"9623","-88.742","-0.040","-88.885","26.218"
"9624","-88.737","-0.038","-88.885","26.258"
"9625","-88.710","-0.011","-88.888","26.275"
"9626","-88.747","-0.031","-88.893","26.241"
"9627","-88.755","-0.060","-88.896","26.221"
"9628","-88.745","-0.052","-88.893","26.197"
"9629","-88.752","-0.004","-88.896","26.166"
"9630","-88.747","-0.013","-88.896","26.175"
"9631","-88.745","-0.011","-88.896","26.195"
"9632","-88.740","-0.033","-88.889","26.204"
"9633","-88.740","-0.050","-88.886","26.232"
"9634","-88.725","0.014","-88.879","26.232"
"9635","-88.743","0.040","-88.896","26.239"
"9636","-88.750","0.044","-88.893","26.225"
"9637","-88.718","0.055","-88.901","26.230"
"9638","-88.755","0.078","-88.906","26.244"
"9639","-88.741","0.066","-88.889","26.265"
"9640","-88.743","0.085","-88.894","26.281"
"9641","-88.734","0.108","-88.885","26.303"
"9642","-88.741","0.102","-88.882","26.299"
"9643","-88.736","0.064","-88.877","26.283"
"9644","-88.739","0.041","-88.875","26.266"
"9645","-88.729","0.076","-88.880","26.248"
"9646","-88.739","0.049","-88.877","26.205"
"9647","-88.736","0.028","-88.870","26.154"
"9648","-88.732","0.003","-88.870","26.135"
"9649","-88.729","0.031","-88.883","26.124"
"9650","-88.732","0.047","-88.873","26.099"
"9651","-88.727","0.049","-88.873","26.090"
"9652","-88.722","0.045","-88.870","26.099"
"9653","-88.724","0.077","-88.868","26.100"
"9654","-88.722","0.085","-88.863","26.084"
"9655","-88.724","0.054","-88.863","26.027"
"9656","-88.735","0.041","-88.876","25.985"
"9657","-88.717","0.016","-88.873","25.970"
"9658","-88.715","0.006","-88.873","25.988"
"9659","-88.720","-0.025","-88.869","26.010"
"9660","-88.728","0.006","-88.876","25.992"
"9661","-88.725","0.006","-88.866","25.968"
"9662","-88.735","0.025","-88.874","25.955"
"9663","-88.725","0.080","-88.871","25.865"
"9664","-88.738","0.080","-88.874","25.795"
"9665","-88.728","0.084","-88.867","25.782"
"9666","-88.721","0.055","-88.869","25.822"
"9667","-88.733","0.025","-88.879","25.833"
"9668","-88.733","-0.010","-88.887","25.813"
"9669","-88.733","0.013","-88.887","25.824"
"9670","-88.741","0.025","-88.892","25.830"
"9671","-88.748","-0.033","-88.889","25.811"
"9672","-88.746","-0.029","-88.889","25.806"
"9673","-88.748","0.022","-88.887","25.818"
"9674","-88.736","-0.008","-88.880","25.827"
"9675","-88.741","0.013","-88.890","25.838"
"9676","-88.741","0.037","-88.887","25.840"
"9677","-88.742","0.026","-88.893","25.835"
"9678","-88.742","0.045","-88.890","25.823"
"9679","-88.747","0.081","-88.898","25.763"
"9680","-88.754","0.161","-88.900","25.699"
"9681","-88.747","0.167","-88.903","25.673"
"9682","-88.749","0.168","-88.893","25.698"
"9683","-88.744","0.184","-88.898","25.722"
"9684","-88.745","0.121","-88.900","25.702"
"9685","-88.745","0.123","-88.898","25.630"
"9686","-88.744","0.077","-88.895","25.579"
"9687","-88.745","0.090","-88.893","25.581"
"9688","-88.737","0.126","-88.888","25.583"
"9689","-88.745","0.065","-88.891","25.559"
"9690","-88.740","0.053","-88.884","25.578"
"9691","-88.738","0.065","-88.882","25.615"
"9692","-88.743","0.078","-88.887","25.643"
"9693","-88.740","0.109","-88.887","25.676"
"9694","-88.738","0.112","-88.889","25.668"
"9695","-88.738","0.112","-88.889","25.652"
"9696","-88.741","0.112","-88.887","25.666"
"9697","-88.743","0.116","-88.897","25.683"
"9698","-88.748","0.145","-88.894","25.674"
"9699","-88.753","0.177","-88.897","25.652"
"9700","-88.741","0.171","-88.887","25.620"
"9701","-88.733","0.160","-88.887","25.652"
"9702","-88.736","0.129","-88.887","25.674"
"9703","-88.741","0.120","-88.890","25.659"
"9704","-88.746","0.114","-88.892","25.614"
"9705","-88.744","0.119","-88.898","25.543"
"9706","-88.744","0.100","-88.888","25.511"
"9707","-88.742","0.087","-88.890","25.506"
"9708","-88.732","0.100","-88.878","25.515"
"9709","-88.730","0.128","-88.876","25.559"
"9710","-88.725","0.145","-88.888","25.557"
"9711","-88.742","0.183","-88.888","25.531"
"9712","-88.740","0.199","-88.888","25.524"
"9713","-88.737","0.189","-88.891","25.529"
"9714","-88.735","0.206","-88.883","25.520"
"9715","-88.735","0.235","-88.888","25.522"
"9716","-88.728","0.256","-88.886","25.525"
"9717","-88.733","0.280","-88.886","25.522"
"9718","-88.733","0.313","-88.889","25.494"
"9719","-88.743","0.233","-88.889","25.485"
"9720","-88.743","0.185","-88.894","25.489"
"9721","-88.738","0.200","-88.894","25.490"
"9722","-88.735","0.254","-88.896","25.468"
"9723","-88.733","0.273","-88.889","25.454"
"9724","-88.726","0.290","-88.879","25.461"
"9725","-88.731","0.267","-88.887","25.441"
"9726","-88.733","0.190","-88.892","25.426"
"9727","-88.734","0.236","-88.882","25.417"
"9728","-88.726","0.320","-88.885","25.374"
"9729","-88.727","0.337","-88.882","25.308"
"9730","-88.727","0.245","-88.890","25.288"
"9731","-88.742","0.191","-88.900","25.275"
"9732","-88.735","0.163","-88.888","25.313"
"9733","-88.727","0.186","-88.893","25.337"
"9734","-88.742","0.195","-88.898","25.317"
"9735","-88.740","0.185","-88.905","25.300"
"9736","-88.740","0.191","-88.901","25.311"
"9737","-88.742","0.197","-88.901","25.294"
"9738","-88.735","0.265","-88.896","25.304"
"9739","-88.730","0.281","-88.893","25.289"
"9740","-88.733","0.322","-88.891","25.243"
"9741","-88.735","0.315","-88.901","25.214"
"9742","-88.738","0.298","-88.896","25.184"
"9743","-88.738","0.269","-88.894","25.144"
"9744","-88.730","0.267","-88.889","25.166"
"9745","-88.730","0.292","-88.891","25.179"
"9746","-88.725","0.318","-88.886","25.164"
"9747","-88.730","0.311","-88.894","25.162"
"9748","-88.743","0.314","-88.901","25.123"
"9749","-88.748","0.352","-88.909","25.064"
"9750","-88.738","0.409","-88.902","25.039"
"9751","-88.726","0.402","-88.889","25.059"
"9752","-88.738","0.434","-88.897","25.075"
"9753","-88.734","0.438","-88.897","25.095"
"9754","-88.734","0.441","-88.895","25.108"
"9755","-88.734","0.470","-88.892","25.097"
"9756","-88.729","0.502","-88.878","25.060"
"9757","-88.727","0.424","-88.875","25.051"
"9758","-88.717","0.413","-88.875","25.060"
"9759","-88.717","0.418","-88.875","25.093"
"9760","-88.724","0.416","-88.880","25.124"
"9761","-88.732","0.401","-88.896","25.133"
"9762","-88.750","0.366","-88.893","25.129"
"9763","-88.735","0.374","-88.886","25.129"
"9764","-88.745","0.387","-88.891","25.154"
"9765","-88.755","0.423","-88.867","25.167"
"9766","-88.758","0.421","-88.879","25.184"
"9767","-88.780","0.453","-88.894","25.176"
"9768","-88.780","0.406","-88.906","25.180"
"9769","-88.795","0.425","-88.886","25.230"
"9770","-88.847","0.446","-88.864","25.283"
"9771","-88.815","0.457","-88.891","25.310"
"9772","-88.832","0.468","-88.892","25.325"
"9773","-88.820","0.508","-88.890","25.312"
"9774","-88.858","0.527","-88.900","25.341"
"9775","-88.872","0.541","-88.917","25.352"
"9776","-88.887","0.516","-88.942","25.357"
"9777","-88.872","0.501","-88.971","25.354"
"9778","-88.912","0.524","-88.981","25.402"
"9779","-88.939","0.541","-89.021","25.420"
"9780","-88.897","0.556","-89.003","25.413"
"9781","-89.006","0.548","-89.006","25.437"
"9782","-89.016","0.567","-89.009","25.451"
"9783","-89.076","0.536","-89.009","25.454"
"9784","-89.019","0.483","-89.009","25.454"
"9785","-89.034","0.477","-89.004","25.456"
"9786","-89.064","0.481","-87.908","25.487"
"9787","-89.005","0.528","-86.700","25.504"
"9788","-89.027","0.519","-85.859","25.522"
"9789","-89.037","0.536","-85.208","25.557"
"9790","-89.079","0.498","-84.725","25.581"
"9791","-89.106","0.507","-84.233","25.619"
"9792","-89.089","0.513","-83.805","25.643"
"9793","-89.109","0.579","-83.456","25.670"
"9794","-89.174","0.611","-83.132","25.703"
"9795","-89.228","0.575","-82.862","25.705"
"9796","-89.157","0.547","-82.582","25.705"
"9797","-89.186","0.606","-82.312","25.723"
"9798","-89.221","0.663","-82.075","25.780"
"9799","-89.181","0.712","-81.845","25.837"
"9800","-89.199","0.724","-81.657","25.881"
"9801","-89.209","0.758","-81.471","25.919"
"9802","-89.222","0.767","-81.286","25.950"
"9803","-89.257","0.786","-81.066","25.970"
"9804","-89.304","0.774","-80.861","25.995"
"9805","-89.270","0.764","-80.708","25.997"
"9806","-89.305","0.701","-80.542","25.991"
"9807","-89.312","0.698","-80.384","26.034"
"9808","-89.391","0.686","-80.228","26.074"
"9809","-89.361","0.667","-80.049","26.085"
"9810","-89.297","0.646","-79.909","26.098"
"9811","-89.203","0.652","-79.761","26.129"
"9812","-88.493","0.663","-79.618","26.142"
"9813","-87.968","0.655","-79.497","26.165"
"9814","-87.674","0.672","-79.377","26.169"
"9815","-87.404","0.705","-79.239","26.149"
"9816","-87.174","0.708","-79.115","26.129"
"9817","-86.944","0.729","-78.984","26.134"
"9818","-86.766","0.703","-78.864","26.136"
"9819","-86.573","0.672","-78.735","26.154"
"9820","-86.404","0.678","-78.616","26.189"
"9821","-86.187","0.708","-78.511","26.244"
"9822","-86.006","0.773","-78.375","26.290"
"9823","-85.860","0.754","-78.253","26.316"
"9824","-85.737","0.777","-78.136","26.317"
"9825","-85.574","0.771","-78.015","26.333"
"9826","-85.403","0.814","-77.903","26.401"
"9827","-85.279","0.852","-77.779","26.432"
"9828","-85.134","0.875","-77.669","26.437"
"9829","-85.035","0.871","-77.572","26.448"
"9830","-84.966","0.846","-77.448","26.501"
"9831","-84.897","0.903","-77.345","26.538"
"9832","-84.790","0.920","-77.207","26.518"
"9833","-84.704","0.901","-77.078","26.442"
"9834","-84.617","0.889","-76.978","26.466"
"9835","-84.513","0.872","-76.853","26.512"
"9836","-84.434","0.883","-76.741","26.508"
"9837","-84.333","0.899","-76.639","26.523"
"9838","-84.242","0.908","-76.532","26.534"
"9839","-84.155","0.862","-76.422","26.533"
"9840","-84.026","0.801","-76.303","26.533"
"9841","-83.923","0.795","-76.183","26.557"
"9842","-83.819","0.835","-76.078","26.581"
"9843","-83.730","0.826","-75.985","26.579"
"9844","-83.604","0.814","-75.857","26.577"
"9845","-83.361","0.810","-75.749","26.559"
"9846","-83.126","0.833","-75.616","26.560"
"9847","-82.909","0.838","-75.513","26.549"
"9848","-82.706","0.836","-75.391","26.578"
"9849","-82.461","0.846","-75.296","26.633"
"9850","-82.243","0.857","-75.179","26.641"
"9851","-82.018","0.855","-75.070","26.648"
"9852","-81.783","0.850","-74.957","26.637"
"9853","-81.538","0.897","-74.845","26.653"
"9854","-81.285","0.901","-74.728","26.657"
"9855","-81.087","0.878","-74.621","26.653"
"9856","-80.885","0.849","-74.520","26.692"
"9857","-80.689","0.863","-74.413","26.738"
"9858","-80.489","0.851","-74.306","26.767"
"9859","-80.244","0.845","-74.189","26.772"
"9860","-80.068","0.807","-74.067","26.772"
"9861","-79.916","0.820","-73.974","26.796"
"9862","-79.756","0.814","-73.862","26.777"
"9863","-79.620","0.810","-73.755","26.766"
"9864","-79.446","0.885","-73.636","26.784"
"9865","-79.300","0.902","-73.533","26.786"
"9866","-79.138","0.824","-73.435","26.750"
"9867","-78.976","0.789","-73.328","26.716"
"9868","-78.813","0.806","-73.230","26.720"
"9869","-78.682","0.827","-73.111","26.758"
"9870","-78.532","0.842","-73.011","26.799"
"9871","-78.381","0.861","-72.913","26.826"
"9872","-78.248","0.897","-72.805","26.855"
"9873","-78.102","0.888","-72.710","26.824"
"9874","-77.954","0.867","-72.615","26.787"
"9875","-77.790","0.876","-72.507","26.785"
"9876","-77.656","0.882","-72.395","26.800"
"9877","-77.560","0.910","-72.300","26.837"
"9878","-77.403","0.935","-72.192","26.877"
"9879","-77.286","0.969","-72.099","26.888"
"9880","-77.174","0.977","-71.985","26.899"
"9881","-77.064","0.963","-71.896","26.914"
"9882","-76.938","0.965","-71.808","26.901"
"9883","-76.816","0.942","-71.725","26.928"
"9884","-76.670","0.971","-71.634","26.950"
"9885","-76.503","0.967","-71.541","26.981"
"9886","-76.372","0.950","-71.457","26.979"
"9887","-76.238","0.994","-71.359","26.983"
"9888","-76.071","0.984","-71.259","27.018"
"9889","-75.918","0.959","-71.171","27.025"
"9890","-75.775","0.957","-71.073","27.016"
"9891","-75.613","0.942","-70.976","27.016"
"9892","-75.477","0.981","-70.895","27.043"
"9893","-75.334","0.995","-70.804","27.045"
"9894","-75.179","0.977","-70.718","27.035"
"9895","-75.024","0.956","-70.642","26.997"
"9896","-74.900","0.964","-70.544","26.940"
"9897","-74.749","0.975","-70.465","26.910"
"9898","-74.601","0.932","-70.382","26.907"
"9899","-74.446","0.915","-70.279","26.914"
"9900","-74.329","0.930","-70.183","26.881"
"9901","-74.164","0.954","-70.097","26.824"
"9902","-74.004","0.968","-70.012","26.775"
"9903","-73.871","1.008","-69.940","26.782"
"9904","-73.725","1.053","-69.848","26.817"
"9905","-73.591","1.042","-69.751","26.826"
"9906","-73.415","1.051","-69.658","26.853"
"9907","-73.298","1.070","-69.580","26.896"
"9908","-73.131","1.068","-69.499","26.912"
"9909","-73.023","1.097","-69.407","26.934"
"9910","-72.892","1.103","-69.313","26.941"
"9911","-72.754","1.078","-69.225","26.916"
"9912","-72.618","1.051","-69.131","26.890"
"9913","-72.481","1.080","-69.057","26.882"
"9914","-72.353","1.057","-68.978","26.899"
"9915","-72.224","1.045","-68.891","26.914"
"9916","-72.114","1.064","-68.810","26.913"
"9917","-71.988","1.049","-68.737","26.917"
"9918","-71.861","1.035","-68.658","26.928"
"9919","-71.735","1.087","-68.571","26.931"
"9920","-71.596","1.121","-68.476","26.972"
"9921","-71.453","1.144","-68.400","26.995"
"9922","-71.341","1.161","-68.315","26.984"
"9923","-71.229","1.084","-68.227","26.981"
"9924","-71.116","1.119","-68.158","27.010"
"9925","-71.007","1.138","-68.075","27.008"
"9926","-70.901","1.136","-68.001","26.959"
"9927","-70.785","1.113","-67.918","26.922"
"9928","-70.665","1.073","-67.819","26.918"
"9929","-70.570","1.033","-67.734","26.903"
"9930","-70.472","1.014","-67.656","26.859"
"9931","-70.358","1.025","-67.573","26.872"
"9932","-70.262","1.063","-67.492","26.899"
"9933","-70.164","1.080","-67.414","26.852"
"9934","-70.081","1.093","-67.326","26.808"
"9935","-69.986","1.135","-67.248","26.776"
"9936","-69.891","1.168","-67.188","26.762"
"9937","-69.794","1.135","-67.119","26.775"
"9938","-69.693","1.091","-67.029","26.784"
"9939","-69.580","1.133","-66.948","26.767"
"9940","-69.474","1.148","-66.856","26.800"
"9941","-69.354","1.118","-66.771","26.837"
"9942","-69.255","1.116","-66.699","26.837"
"9943","-69.184","1.133","-66.628","26.825"
"9944","-69.126","1.131","-66.543","26.810"
"9945","-69.059","1.152","-66.462","26.812"
"9946","-68.963","1.190","-66.391","26.827"
"9947","-68.859","1.207","-66.308","26.829"
"9948","-68.755","1.222","-66.227","26.827"
"9949","-68.656","1.205","-66.153","26.818"
"9950","-68.529","1.220","-66.079","26.737"
"9951","-68.404","1.211","-65.996","26.680"
"9952","-68.289","1.184","-65.902","26.662"
"9953","-68.199","1.157","-65.828","26.669"
"9954","-68.130","1.213","-65.752","26.675"
"9955","-68.070","1.211","-65.678","26.671"
"9956","-68.010","1.144","-65.595","26.682"
"9957","-67.923","1.115","-65.522","26.665"
"9958","-67.856","1.092","-65.443","26.652"
"9959","-67.769","1.073","-65.372","26.665"
"9960","-67.669","1.062","-65.287","26.665"
"9961","-67.563","1.100","-65.192","26.687"
"9962","-67.457","1.149","-65.102","26.702"
"9963","-67.385","1.180","-65.023","26.702"
"9964","-67.314","1.210","-64.945","26.678"
"9965","-67.238","1.246","-64.864","26.641"
"9966","-67.150","1.218","-64.779","26.621"
"9967","-67.070","1.195","-64.710","26.610"
"9968","-67.012","1.185","-64.627","26.615"
"9969","-66.950","1.189","-64.549","26.630"
"9970","-66.869","1.172","-64.477","26.646"
"9971","-66.777","1.112","-64.406","26.657"
"9972","-66.687","1.152","-64.321","26.650"
"9973","-66.595","1.183","-64.254","26.629"
"9974","-66.508","1.200","-64.187","26.591"
"9975","-66.404","1.202","-64.113","26.547"
"9976","-66.316","1.204","-64.033","26.543"
"9977","-66.233","1.190","-63.948","26.576"
"9978","-66.132","1.114","-63.873","26.591"
"9979","-66.026","1.106","-63.818","26.582"
"9980","-65.933","1.128","-63.756","26.567"
"9981","-65.855","1.156","-63.696","26.534"
"9982","-65.772","1.102","-63.611","26.517"
"9983","-65.671","1.028","-63.514","26.550"
"9984","-65.583","1.106","-63.438","26.550"
"9985","-65.498","1.167","-63.366","26.532"
"9986","-65.415","1.169","-63.288","26.523"
"9987","-65.355","1.165","-63.203","26.502"
"9988","-65.249","1.167","-63.127","26.451"
"9989","-65.161","1.238","-63.055","26.403"
"9990","-65.092","1.270","-62.977","26.368"
"9991","-65.023","1.270","-62.898","26.337"
"9992","-64.944","1.247","-62.822","26.251"
"9993","-64.836","1.158","-62.744","26.245"
"9994","-64.723","1.093","-62.661","26.256"
"9995","-64.649","1.135","-62.584","26.267"
"9996","-64.569","1.161","-62.502","26.304"
"9997","-64.490","1.193","-62.405","26.337"
"9998","-64.437","1.218","-62.340","26.313"
"9999","-64.382","1.213","-62.267","26.302"
"10000","-64.301","1.245","-62.193","26.298"
"10001","-64.225","1.264","-62.114","26.278"
"10002","-64.146","1.337","-62.038","26.306"
"10003","-64.084","1.377","-61.969","26.317"
"10004","-63.976","1.420","-61.904","26.271"
"10005","-63.913","1.458","-61.833","26.251"
"10006","-63.828","1.518","-61.764","26.251"
"10007","-63.759","1.514","-61.685","26.256"
"10008","-63.685","1.499","-61.604","26.256"
"10009","-63.606","1.520","-61.544","26.277"
"10010","-63.551","1.462","-61.459","26.297"
"10011","-63.466","1.472","-61.388","26.276"
"10012","-63.385","1.453","-61.323","26.229"
"10013","-63.312","1.456","-61.245","26.236"
"10014","-63.220","1.479","-61.169","26.254"
"10015","-63.136","1.481","-61.093","26.234"
"10016","-63.060","1.474","-60.996","26.214"
"10017","-62.975","1.447","-60.915","26.207"
"10018","-62.908","1.441","-60.830","26.179"
"10019","-62.827","1.433","-60.753","26.166"
"10020","-62.737","1.418","-60.684","26.153"
"10021","-62.663","1.418","-60.615","26.159"
"10022","-62.606","1.445","-60.560","26.157"
"10023","-62.550","1.462","-60.484","26.155"
"10024","-62.470","1.433","-60.403","26.148"
"10025","-62.387","1.441","-60.320","26.155"
"10026","-62.308","1.403","-60.234","26.153"
"10027","-62.239","1.384","-60.158","26.124"
"10028","-62.151","1.424","-60.075","26.069"
"10029","-62.050","1.401","-60.004","26.063"
"10030","-61.974","1.368","-59.937","26.100"
"10031","-61.905","1.393","-59.859","26.126"
"10032","-61.847","1.401","-59.785","26.105"
"10033","-61.769","1.430","-59.723","26.098"
"10034","-61.692","1.422","-59.662","26.113"
"10035","-61.632","1.375","-59.564","26.120"
"10036","-61.551","1.375","-59.508","26.117"
"10037","-61.455","1.394","-59.450","26.111"
"10038","-61.372","1.382","-59.386","26.111"
"10039","-61.277","1.390","-59.310","26.096"
"10040","-61.183","1.382","-59.237","26.050"
"10041","-61.107","1.386","-59.161","26.014"
"10042","-61.010","1.386","-59.092","26.030"
"10043","-60.938","1.365","-59.025","26.070"
"10044","-60.853","1.359","-58.956","26.067"
"10045","-60.756","1.353","-58.884","26.056"
"10046","-60.668","1.380","-58.804","26.054"
"10047","-60.599","1.372","-58.743","26.047"
"10048","-60.537","1.357","-58.665","26.021"
"10049","-60.456","1.382","-58.592","26.008"
"10050","-60.387","1.476","-58.520","26.034"
"10051","-60.322","1.481","-58.438","26.032"
"10052","-60.262","1.468","-58.364","25.994"
"10053","-60.190","1.468","-58.288","25.990"
"10054","-60.135","1.443","-58.192","25.977"
"10055","-60.068","1.464","-58.112","25.913"
"10056","-59.977","1.504","-58.038","25.854"
"10057","-59.899","1.487","-57.974","25.845"
"10058","-59.841","1.493","-57.896","25.852"
"10059","-59.796","1.474","-57.844","25.836"
"10060","-59.731","1.430","-57.791","25.790"
"10061","-59.664","1.424","-57.721","25.752"
"10062","-59.586","1.426","-57.650","25.744"
"10063","-59.473","1.462","-57.570","25.746"
"10064","-59.395","1.452","-57.505","25.755"
"10065","-59.312","1.483","-57.432","25.724"
"10066","-59.241","1.540","-57.365","25.692"
"10067","-59.197","1.574","-57.307","25.685"
"10068","-59.150","1.540","-57.251","25.687"
"10069","-59.076","1.519","-57.191","25.680"
"10070","-58.995","1.512","-57.121","25.687"
"10071","-58.919","1.516","-57.061","25.680"
"10072","-58.837","1.472","-56.974","25.680"
"10073","-58.770","1.447","-56.914","25.695"
"10074","-58.721","1.401","-56.827","25.715"
"10075","-58.641","1.407","-56.747","25.717"
"10076","-58.556","1.426","-56.673","25.728"
"10077","-58.462","1.424","-56.606","25.737"
"10078","-58.382","1.438","-56.537","25.726"
"10079","-58.292","1.464","-56.457","25.706"
"10080","-58.221","1.470","-56.412","25.654"
"10081","-58.170","1.476","-56.356","25.634"
"10082","-58.125","1.466","-56.300","25.579"
"10083","-58.056","1.464","-56.238","25.511"
"10084","-58.007","1.493","-56.185","25.447"
"10085","-57.944","1.514","-56.122","25.418"
"10086","-57.864","1.569","-56.062","25.427"
"10087","-57.775","1.569","-56.001","25.451"
"10088","-57.703","1.569","-55.948","25.467"
"10089","-57.621","1.542","-55.874","25.453"
"10090","-57.552","1.482","-55.796","25.438"
"10091","-57.489","1.455","-55.720","25.411"
"10092","-57.406","1.487","-55.651","25.356"
"10093","-57.344","1.514","-55.588","25.363"
"10094","-57.284","1.480","-55.515","25.400"
"10095","-57.208","1.497","-55.450","25.385"
"10096","-57.136","1.537","-55.374","25.370"
"10097","-57.063","1.569","-55.301","25.402"
"10098","-56.987","1.600","-55.240","25.409"
"10099","-56.913","1.619","-55.178","25.413"
"10100","-56.824","1.594","-55.104","25.429"
"10101","-56.757","1.596","-55.042","25.403"
"10102","-56.697","1.643","-54.960","25.399"
"10103","-56.655","1.630","-54.875","25.429"
"10104","-56.581","1.630","-54.808","25.449"
"10105","-56.478","1.611","-54.743","25.471"
"10106","-56.416","1.657","-54.680","25.464"
"10107","-56.347","1.665","-54.593","25.479"
"10108","-56.287","1.630","-54.522","25.482"
"10109","-56.213","1.615","-54.473","25.488"
"10110","-56.146","1.592","-54.402","25.490"
"10111","-56.090","1.602","-54.357","25.504"
"10112","-56.014","1.623","-54.272","25.543"
"10113","-55.941","1.650","-54.207","25.556"
"10114","-55.891","1.604","-54.154","25.558"
"10115","-55.829","1.636","-54.091","25.573"
"10116","-55.769","1.614","-54.044","25.558"
"10117","-55.693","1.665","-53.984","25.541"
"10118","-55.619","1.724","-53.924","25.554"
"10119","-55.537","1.741","-53.866","25.551"
"10120","-55.449","1.759","-53.803","25.510"
"10121","-55.371","1.764","-53.747","25.470"
"10122","-55.280","1.720","-53.669","25.466"
"10123","-55.197","1.747","-53.609","25.494"
"10124","-55.131","1.715","-53.536","25.532"
"10125","-55.050","1.711","-53.455","25.571"
"10126","-54.965","1.709","-53.384","25.621"
"10127","-54.907","1.715","-53.323","25.665"
"10128","-54.836","1.627","-53.252","25.707"
"10129","-54.794","1.637","-53.187","25.705"
"10130","-54.731","1.677","-53.121","25.710"
"10131","-54.648","1.684","-53.058","25.738"
"10132","-54.584","1.734","-52.995","25.756"
"10133","-54.519","1.787","-52.929","25.765"
"10134","-54.479","1.743","-52.860","25.784"
"10135","-54.410","1.675","-52.797","25.802"
"10136","-54.345","1.572","-52.723","25.826"
"10137","-54.284","1.622","-52.663","25.848"
"10138","-54.224","1.662","-52.600","25.887"
"10139","-54.164","1.662","-52.517","25.942"
"10140","-54.086","1.645","-52.468","25.973"
"10141","-54.010","1.651","-52.393","25.990"
"10142","-53.934","1.649","-52.319","25.997"
"10143","-53.856","1.611","-52.248","25.990"
"10144","-53.811","1.592","-52.174","25.984"
"10145","-53.780","1.584","-52.100","26.038"
"10146","-53.736","1.620","-52.042","26.107"
"10147","-53.662","1.620","-51.971","26.155"
"10148","-53.602","1.635","-51.924","26.181"
"10149","-53.544","1.639","-51.877","26.153"
"10150","-53.486","1.654","-51.817","26.133"
"10151","-53.387","1.689","-51.755","26.146"
"10152","-53.287","1.702","-51.696","26.166"
"10153","-53.211","1.712","-51.641","26.196"
"10154","-53.137","1.704","-51.578","26.229"
"10155","-53.086","1.687","-51.502","26.234"
"10156","-53.037","1.702","-51.426","26.240"
"10157","-52.997","1.676","-51.373","26.243"
"10158","-52.925","1.666","-51.317","26.245"
"10159","-52.867","1.661","-51.266","26.254"
"10160","-52.792","1.670","-51.188","26.245"
"10161","-52.722","1.691","-51.107","26.232"
"10162","-52.656","1.710","-51.036","26.251"
"10163","-52.595","1.712","-50.976","26.245"
"10164","-52.528","1.721","-50.909","26.289"
"10165","-52.457","1.700","-50.849","26.339"
"10166","-52.374","1.661","-50.788","26.381"
"10167","-52.303","1.647","-50.730","26.401"
"10168","-52.238","1.668","-50.663","26.409"
"10169","-52.200","1.693","-50.610","26.392"
"10170","-52.142","1.693","-50.547","26.409"
"10171","-52.053","1.695","-50.494","26.444"
"10172","-51.982","1.657","-50.445","26.493"
"10173","-51.919","1.609","-50.360","26.534"
"10174","-51.859","1.632","-50.295","26.568"
"10175","-51.796","1.632","-50.221","26.587"
"10176","-51.720","1.649","-50.161","26.591"
"10177","-51.656","1.695","-50.092","26.596"
"10178","-51.593","1.672","-50.025","26.589"
"10179","-51.544","1.646","-49.959","26.638"
"10180","-51.493","1.684","-49.918","26.690"
"10181","-51.430","1.692","-49.844","26.723"
"10182","-51.352","1.695","-49.790","26.692"
"10183","-51.294","1.747","-49.738","26.618"
"10184","-51.254","1.737","-49.690","26.598"
"10185","-51.196","1.720","-49.636","26.662"
"10186","-51.125","1.749","-49.585","26.721"
"10187","-51.080","1.781","-49.548","26.774"
"10188","-51.029","1.817","-49.493","26.820"
"10189","-50.984","1.835","-49.448","26.844"
"10190","-50.937","1.840","-49.374","26.830"
"10191","-50.863","1.856","-49.305","26.784"
"10192","-50.801","1.858","-49.242","26.760"
"10193","-50.734","1.858","-49.185","26.756"
"10194","-50.682","1.877","-49.142","26.742"
"10195","-50.620","1.905","-49.088","26.789"
"10196","-50.544","1.907","-49.021","26.832"
"10197","-50.468","1.907","-48.958","26.861"
"10198","-50.390","1.858","-48.884","26.900"
"10199","-50.332","1.877","-48.806","26.922"
"10200","-50.270","1.903","-48.741","26.955"
"10201","-50.212","1.926","-48.679","26.989"
"10202","-50.154","1.932","-48.625","26.988"
"10203","-50.111","1.928","-48.579","26.931"
"10204","-50.049","1.961","-48.527","26.920"
"10205","-49.969","1.984","-48.464","26.949"
"10206","-49.883","1.982","-48.418","26.986"
"10207","-49.815","1.949","-48.375","27.047"
"10208","-49.750","1.969","-48.299","27.087"
"10209","-49.666","1.948","-48.238","27.091"
"10210","-49.579","1.946","-48.169","27.117"
"10211","-49.514","1.917","-48.104","27.109"
"10212","-49.475","1.883","-48.030","27.054"
"10213","-49.445","1.858","-47.972","27.012"
"10214","-49.391","1.805","-47.913","26.983"
"10215","-49.328","1.799","-47.864","26.981"
"10216","-49.280","1.816","-47.801","27.007"
"10217","-49.224","1.796","-47.753","27.034"
"10218","-49.172","1.790","-47.701","27.049"
"10219","-49.124","1.805","-47.653","27.054"
"10220","-49.083","1.841","-47.595","27.066"
"10221","-49.035","1.857","-47.538","27.060"
"10222","-48.968","1.868","-47.480","27.066"
"10223","-48.898","1.880","-47.430","27.045"
"10224","-48.829","1.882","-47.384","27.011"
"10225","-48.760","1.868","-47.332","26.996"
"10226","-48.697","1.861","-47.289","26.992"
"10227","-48.619","1.864","-47.224","26.983"
"10228","-48.543","1.912","-47.168","26.963"
"10229","-48.485","1.943","-47.111","26.992"
"10230","-48.435","1.945","-47.064","27.027"
"10231","-48.385","1.952","-47.003","27.082"
"10232","-48.324","2.008","-46.929","27.123"
"10233","-48.253","1.991","-46.879","27.125"
"10234","-48.172","1.993","-46.808","27.088"
"10235","-48.105","1.985","-46.745","27.083"
"10236","-48.049","2.016","-46.686","27.127"
"10237","-47.977","2.031","-46.626","27.167"
"10238","-47.914","2.010","-46.561","27.167"
"10239","-47.851","1.978","-46.504","27.169"
"10240","-47.795","2.004","-46.441","27.149"
"10241","-47.745","2.016","-46.392","27.136"
"10242","-47.711","2.016","-46.344","27.116"
"10243","-47.661","1.985","-46.283","27.103"
"10244","-47.617","1.964","-46.246","27.100"
"10245","-47.567","1.976","-46.196","27.138"
"10246","-47.507","1.986","-46.136","27.186"
"10247","-47.446","2.012","-46.086","27.214"
"10248","-47.396","2.039","-46.038","27.226"
"10249","-47.340","2.050","-45.990","27.212"
"10250","-47.279","2.054","-45.928","27.177"
"10251","-47.225","2.049","-45.878","27.148"
"10252","-47.182","2.066","-45.830","27.153"
"10253","-47.132","2.089","-45.774","27.181"
"10254","-47.077","2.058","-45.721","27.196"
"10255","-47.023","2.070","-45.665","27.196"
"10256","-46.965","2.108","-45.607","27.174"
"10257","-46.904","2.081","-45.555","27.172"
"10258","-46.828","2.061","-45.502","27.141"
"10259","-46.769","2.036","-45.450","27.091"
"10260","-46.698","1.979","-45.383","27.065"
"10261","-46.646","1.988","-45.331","27.042"
"10262","-46.581","1.998","-45.275","27.020"
"10263","-46.520","1.988","-45.214","27.020"
"10264","-46.462","1.992","-45.158","27.027"
"10265","-46.394","1.973","-45.112","27.038"
"10266","-46.340","1.989","-45.045","27.066"
"10267","-46.290","2.000","-44.988","27.072"
"10268","-46.245","2.029","-44.919","27.053"
"10269","-46.186","2.034","-44.863","27.007"
"10270","-46.128","2.021","-44.804","26.932"
"10271","-46.067","2.050","-44.746","26.890"
"10272","-46.015","2.034","-44.694","26.908"
"10273","-45.976","2.010","-44.633","26.978"
"10274","-45.948","1.998","-44.581","26.967"
"10275","-45.889","2.008","-44.536","26.907"
"10276","-45.842","2.006","-44.494","26.881"
"10277","-45.790","1.991","-44.442","26.886"
"10278","-45.740","1.983","-44.395","26.896"
"10279","-45.703","1.970","-44.351","26.909"
"10280","-45.651","1.976","-44.308","26.914"
"10281","-45.599","1.947","-44.269","26.936"
"10282","-45.546","1.948","-44.210","26.962"
"10283","-45.501","1.972","-44.178","26.988"
"10284","-45.455","1.970","-44.126","27.017"
"10285","-45.399","1.936","-44.074","26.995"
"10286","-45.345","1.906","-44.019","26.953"
"10287","-45.295","1.913","-43.978","26.951"
"10288","-45.239","1.921","-43.935","26.942"
"10289","-45.178","1.954","-43.876","26.895"
"10290","-45.126","1.956","-43.831","26.869"
"10291","-45.078","1.973","-43.774","26.900"
"10292","-45.026","2.009","-43.729","26.920"
"10293","-44.974","2.066","-43.677","26.943"
"10294","-44.913","2.072","-43.620","26.959"
"10295","-44.844","2.107","-43.570","26.957"
"10296","-44.787","2.126","-43.516","26.923"
"10297","-44.716","2.137","-43.457","26.877"
"10298","-44.640","2.149","-43.410","26.862"
"10299","-44.570","2.149","-43.345","26.859"
"10300","-44.510","2.176","-43.297","26.820"
"10301","-44.451","2.166","-43.247","26.800"
"10302","-44.386","2.139","-43.180","26.819"
"10303","-44.347","2.132","-43.110","26.822"
"10304","-44.308","2.128","-43.052","26.843"
"10305","-44.269","2.125","-42.995","26.878"
"10306","-44.212","2.165","-42.939","26.896"
"10307","-44.175","2.186","-42.889","26.843"
"10308","-44.147","2.180","-42.839","26.777"
"10309","-44.104","2.153","-42.789","26.760"
"10310","-44.056","2.142","-42.742","26.747"
"10311","-43.998","2.138","-42.687","26.753"
"10312","-43.939","2.112","-42.629","26.775"
"10313","-43.894","2.102","-42.588","26.783"
"10314","-43.839","2.102","-42.533","26.796"
"10315","-43.787","2.100","-42.479","26.810"
"10316","-43.735","2.095","-42.421","26.858"
"10317","-43.683","2.131","-42.358","26.884"
"10318","-43.631","2.101","-42.303","26.875"
"10319","-43.572","2.091","-42.251","26.824"
"10320","-43.531","2.145","-42.199","26.778"
"10321","-43.479","2.194","-42.143","26.737"
"10322","-43.410","2.227","-42.088","26.745"
"10323","-43.336","2.257","-42.032","26.741"
"10324","-43.269","2.261","-41.980","26.708"
"10325","-43.213","2.248","-41.928","26.675"
"10326","-43.145","2.221","-41.870","26.677"
"10327","-43.091","2.239","-41.802","26.705"
"10328","-43.046","2.221","-41.735","26.708"
"10329","-42.980","2.223","-41.679","26.727"
"10330","-42.926","2.206","-41.614","26.738"
"10331","-42.889","2.193","-41.555","26.712"
"10332","-42.835","2.178","-41.494","26.644"
"10333","-42.794","2.163","-41.440","26.610"
"10334","-42.748","2.201","-41.386","26.634"
"10335","-42.701","2.201","-41.332","26.667"
"10336","-42.657","2.170","-41.284","26.667"
"10337","-42.607","2.157","-41.232","26.647"
"10338","-42.566","2.192","-41.191","26.645"
"10339","-42.523","2.197","-41.147","26.661"
"10340","-42.458","2.186","-41.085","26.680"
"10341","-42.404","2.222","-41.039","26.661"
"10342","-42.360","2.234","-40.996","26.605"
"10343","-42.297","2.249","-40.944","26.573"
"10344","-42.245","2.213","-40.891","26.559"
"10345","-42.176","2.230","-40.835","26.555"
"10346","-42.104","2.226","-40.787","26.548"
"10347","-42.037","2.230","-40.727","26.519"
"10348","-41.976","2.259","-40.677","26.530"
"10349","-41.907","2.291","-40.616","26.557"
"10350","-41.857","2.287","-40.566","26.548"
"10351","-41.799","2.278","-40.510","26.539"
"10352","-41.736","2.267","-40.462","26.557"
"10353","-41.662","2.255","-40.421","26.572"
"10354","-41.606","2.251","-40.378","26.579"
"10355","-41.554","2.213","-40.317","26.570"
"10356","-41.493","2.200","-40.260","26.556"
"10357","-41.443","2.181","-40.193","26.556"
"10358","-41.402","2.153","-40.141","26.543"
"10359","-41.365","2.166","-40.087","26.506"
"10360","-41.319","2.193","-40.037","26.468"
"10361","-41.276","2.204","-39.992","26.479"
"10362","-41.228","2.179","-39.948","26.525"
"10363","-41.178","2.160","-39.905","26.543"
"10364","-41.118","2.122","-39.851","26.540"
"10365","-41.046","2.159","-39.802","26.519"
"10366","-40.968","2.155","-39.754","26.499"
"10367","-40.899","2.166","-39.703","26.499"
"10368","-40.847","2.201","-39.653","26.521"
"10369","-40.793","2.182","-39.600","26.538"
"10370","-40.747","2.210","-39.541","26.529"
"10371","-40.708","2.243","-39.499","26.512"
"10372","-40.671","2.285","-39.448","26.500"
"10373","-40.624","2.298","-39.400","26.505"
"10374","-40.591","2.275","-39.358","26.492"
"10375","-40.530","2.292","-39.307","26.470"
"10376","-40.470","2.298","-39.271","26.437"
"10377","-40.409","2.329","-39.214","26.441"
"10378","-40.348","2.339","-39.159","26.441"
"10379","-40.289","2.314","-39.103","26.440"
"10380","-40.237","2.312","-39.050","26.421"
"10381","-40.190","2.335","-38.997","26.390"
"10382","-40.144","2.373","-38.953","26.365"
"10383","-40.109","2.367","-38.907","26.366"
"10384","-40.075","2.364","-38.867","26.353"
"10385","-40.038","2.320","-38.818","26.306"
"10386","-39.986","2.308","-38.761","26.271"
"10387","-39.936","2.307","-38.719","26.255"
"10388","-39.879","2.320","-38.679","26.255"
"10389","-39.822","2.285","-38.639","26.245"
"10390","-39.770","2.297","-38.602","26.208"
"10391","-39.732","2.310","-38.559","26.168"
"10392","-39.692","2.348","-38.517","26.157"
"10393","-39.633","2.398","-38.471","26.175"
"10394","-39.576","2.436","-38.420","26.176"
"10395","-39.521","2.409","-38.372","26.146"
"10396","-39.464","2.400","-38.332","26.067"
"10397","-39.420","2.349","-38.285","25.994"
"10398","-39.369","2.393","-38.237","25.957"
"10399","-39.315","2.444","-38.193","25.983"
"10400","-39.262","2.478","-38.140","26.033"
"10401","-39.218","2.436","-38.094","26.040"
"10402","-39.167","2.431","-38.054","26.009"
"10403","-39.112","2.425","-38.003","26.000"
"10404","-39.055","2.416","-37.948","26.013"
"10405","-39.007","2.416","-37.908","26.015"
"10406","-38.954","2.438","-37.866","26.009"
"10407","-38.898","2.467","-37.816","25.993"
"10408","-38.839","2.501","-37.763","25.961"
"10409","-38.784","2.456","-37.715","25.962"
"10410","-38.727","2.467","-37.664","25.963"
"10411","-38.683","2.475","-37.616","25.952"
"10412","-38.630","2.496","-37.569","25.934"
"10413","-38.579","2.519","-37.523","25.861"
"10414","-38.535","2.519","-37.472","25.813"
"10415","-38.495","2.536","-37.428","25.793"
"10416","-38.445","2.490","-37.392","25.771"
"10417","-38.394","2.435","-37.346","25.743"
"10418","-38.329","2.416","-37.304","25.698"
"10419","-38.274","2.387","-37.262","25.672"
"10420","-38.219","2.380","-37.226","25.701"
"10421","-38.184","2.404","-37.176","25.765"
"10422","-38.127","2.414","-37.110","25.789"
"10423","-38.076","2.424","-37.055","25.782"
"10424","-38.042","2.412","-37.005","25.800"
"10425","-38.007","2.401","-36.954","25.832"
"10426","-37.967","2.412","-36.906","25.857"
"10427","-37.935","2.447","-36.868","25.877"
"10428","-37.906","2.443","-36.832","25.914"
"10429","-37.862","2.445","-36.786","25.945"
"10430","-37.817","2.422","-36.748","25.965"
"10431","-37.771","2.452","-36.704","25.951"
"10432","-37.712","2.479","-36.660","25.918"
"10433","-37.670","2.479","-36.620","25.903"
"10434","-37.603","2.504","-36.569","25.920"
"10435","-37.550","2.462","-36.514","25.956"
"10436","-37.499","2.462","-36.462","25.999"
"10437","-37.451","2.489","-36.407","26.039"
"10438","-37.406","2.491","-36.364","26.069"
"10439","-37.364","2.499","-36.310","26.076"
"10440","-37.328","2.525","-36.265","26.095"
"10441","-37.286","2.546","-36.225","26.098"
"10442","-37.251","2.523","-36.175","26.105"
"10443","-37.202","2.525","-36.135","26.124"
"10444","-37.156","2.517","-36.091","26.131"
"10445","-37.106","2.531","-36.051","26.149"
"10446","-37.040","2.548","-36.009","26.188"
"10447","-36.990","2.533","-35.967","26.228"
"10448","-36.933","2.535","-35.927","26.249"
"10449","-36.897","2.506","-35.876","26.265"
"10450","-36.848","2.472","-35.840","26.289"
"10451","-36.800","2.465","-35.790","26.333"
"10452","-36.756","2.467","-35.741","26.363"
"10453","-36.716","2.497","-35.688","26.368"
"10454","-36.676","2.478","-35.630","26.357"
"10455","-36.636","2.514","-35.590","26.350"
"10456","-36.598","2.529","-35.543","26.374"
"10457","-36.556","2.552","-35.503","26.431"
"10458","-36.520","2.545","-35.461","26.475"
"10459","-36.478","2.524","-35.415","26.510"
"10460","-36.431","2.530","-35.377","26.510"
"10461","-36.381","2.505","-35.332","26.497"
"10462","-36.322","2.524","-35.286","26.490"
"10463","-36.267","2.534","-35.236","26.495"
"10464","-36.244","2.560","-35.208","26.501"
"10465","-36.186","2.591","-35.156","26.511"
"10466","-36.134","2.581","-35.101","26.543"
"10467","-36.086","2.574","-35.050","26.593"
"10468","-36.037","2.543","-35.006","26.668"
"10469","-35.997","2.521","-34.957","26.718"
"10470","-35.953","2.524","-34.913","26.741"
"10471","-35.909","2.551","-34.863","26.765"
"10472","-35.867","2.572","-34.821","26.774"
"10473","-35.826","2.570","-34.774","26.751"
"10474","-35.782","2.578","-34.738","26.731"
"10475","-35.740","2.612","-34.694","26.738"
"10476","-35.687","2.603","-34.665","26.758"
"10477","-35.637","2.589","-34.633","26.769"
"10478","-35.589","2.591","-34.585","26.775"
"10479","-35.547","2.593","-34.549","26.778"
"10480","-35.498","2.608","-34.496","26.804"
"10481","-35.450","2.603","-34.454","26.834"
"10482","-35.399","2.609","-34.395","26.846"
"10483","-35.351","2.643","-34.342","26.841"
"10484","-35.309","2.628","-34.300","26.775"
"10485","-35.269","2.626","-34.258","26.767"
"10486","-35.233","2.641","-34.216","26.834"
"10487","-35.199","2.611","-34.180","26.894"
"10488","-35.161","2.575","-34.142","26.924"
"10489","-35.123","2.565","-34.107","26.938"
"10490","-35.087","2.573","-34.069","26.955"
"10491","-35.041","2.565","-34.018","26.988"
"10492","-34.984","2.523","-33.972","27.012"
"10493","-34.938","2.529","-33.927","27.036"
"10494","-34.878","2.506","-33.879","27.058"
"10495","-34.845","2.464","-33.841","27.060"
"10496","-34.798","2.466","-33.797","27.058"
"10497","-34.746","2.466","-33.757","27.064"
"10498","-34.704","2.483","-33.708","27.089"
"10499","-34.655","2.461","-33.662","27.139"
"10500","-34.613","2.486","-33.615","27.174"
"10501","-34.571","2.486","-33.573","27.187"
"10502","-34.531","2.552","-33.533","27.189"
"10503","-34.489","2.587","-33.489","27.163"
"10504","-34.453","2.585","-33.455","27.124"
"10505","-34.419","2.589","-33.413","27.097"
"10506","-34.377","2.596","-33.373","27.104"
"10507","-34.333","2.572","-33.331","27.141"
"10508","-34.286","2.570","-33.297","27.169"
"10509","-34.244","2.570","-33.251","27.183"
"10510","-34.192","2.568","-33.211","27.141"
"10511","-34.131","2.625","-33.156","27.062"
"10512","-34.088","2.621","-33.122","27.024"
"10513","-34.050","2.591","-33.070","27.042"
"10514","-34.006","2.601","-33.027","27.086"
"10515","-33.958","2.622","-32.987","27.107"
"10516","-33.911","2.637","-32.937","27.090"
"10517","-33.878","2.595","-32.905","27.087"
"10518","-33.837","2.614","-32.861","27.114"
"10519","-33.801","2.597","-32.825","27.136"
"10520","-33.753","2.592","-32.776","27.144"
"10521","-33.709","2.592","-32.730","27.149"
"10522","-33.671","2.607","-32.696","27.162"
"10523","-33.627","2.687","-32.652","27.225"
"10524","-33.580","2.716","-32.600","27.276"
"10525","-33.536","2.704","-32.564","27.272"
"10526","-33.483","2.668","-32.526","27.236"
"10527","-33.452","2.676","-32.486","27.208"
"10528","-33.405","2.683","-32.443","27.225"
"10529","-33.359","2.668","-32.397","27.221"
"10530","-33.317","2.676","-32.359","27.192"
"10531","-33.275","2.653","-32.321","27.192"
"10532","-33.234","2.668","-32.275","27.220"
"10533","-33.192","2.690","-32.239","27.257"
"10534","-33.146","2.682","-32.192","27.304"
"10535","-33.100","2.676","-32.148","27.339"
"10536","-33.057","2.678","-32.119","27.354"
"10537","-33.024","2.678","-32.079","27.363"
"10538","-32.984","2.703","-32.030","27.339"
"10539","-32.942","2.688","-31.997","27.308"
"10540","-32.897","2.688","-31.954","27.295"
"10541","-32.853","2.696","-31.912","27.325"
"10542","-32.807","2.730","-31.868","27.356"
"10543","-32.756","2.721","-31.828","27.349"
"10544","-32.718","2.683","-31.784","27.338"
"10545","-32.674","2.707","-31.741","27.296"
"10546","-32.627","2.700","-31.697","27.241"
"10547","-32.587","2.719","-31.663","27.215"
"10548","-32.545","2.719","-31.623","27.217"
"10549","-32.501","2.732","-31.569","27.243"
"10550","-32.457","2.715","-31.535","27.300"
"10551","-32.412","2.757","-31.493","27.331"
"10552","-32.353","2.782","-31.438","27.338"
"10553","-32.311","2.780","-31.398","27.349"
"10554","-32.280","2.769","-31.362","27.408"
"10555","-32.237","2.794","-31.330","27.460"
"10556","-32.204","2.782","-31.288","27.484"
"10557","-32.153","2.758","-31.242","27.467"
"10558","-32.117","2.752","-31.212","27.407"
"10559","-32.071","2.744","-31.168","27.337"
"10560","-32.031","2.741","-31.134","27.311"
"10561","-31.989","2.735","-31.090","27.333"
"10562","-31.953","2.704","-31.063","27.377"
"10563","-31.911","2.745","-31.012","27.396"
"10564","-31.866","2.762","-30.970","27.387"
"10565","-31.822","2.787","-30.934","27.372"
"10566","-31.778","2.812","-30.890","27.343"
"10567","-31.744","2.808","-30.860","27.295"
"10568","-31.704","2.813","-30.810","27.306"
"10569","-31.656","2.821","-30.778","27.345"
"10570","-31.607","2.815","-30.738","27.378"
"10571","-31.574","2.854","-30.700","27.429"
"10572","-31.531","2.852","-30.660","27.472"
"10573","-31.495","2.862","-30.626","27.501"
"10574","-31.453","2.865","-30.590","27.525"
"10575","-31.421","2.807","-30.544","27.562"
"10576","-31.375","2.782","-30.508","27.566"
"10577","-31.333","2.799","-30.474","27.536"
"10578","-31.291","2.772","-30.426","27.498"
"10579","-31.240","2.790","-30.384","27.448"
"10580","-31.196","2.835","-30.346","27.470"
"10581","-31.158","2.860","-30.310","27.516"
"10582","-31.114","2.811","-30.268","27.533"
"10583","-31.082","2.795","-30.230","27.520"
"10584","-31.034","2.772","-30.194","27.520"
"10585","-30.998","2.776","-30.150","27.533"
"10586","-30.958","2.782","-30.112","27.524"
"10587","-30.914","2.767","-30.078","27.496"
"10588","-30.878","2.744","-30.032","27.421"
"10589","-30.827","2.721","-29.992","27.381"
"10590","-30.783","2.727","-29.955","27.403"
"10591","-30.741","2.723","-29.916","27.429"
"10592","-30.713","2.744","-29.881","27.412"
"10593","-30.675","2.733","-29.855","27.407"
"10594","-30.635","2.737","-29.815","27.429"
"10595","-30.595","2.741","-29.779","27.466"
"10596","-30.555","2.762","-29.738","27.515"
"10597","-30.509","2.781","-29.697","27.517"
"10598","-30.463","2.804","-29.654","27.473"
"10599","-30.422","2.791","-29.611","27.446"
"10600","-30.372","2.800","-29.574","27.433"
"10601","-30.340","2.799","-29.539","27.418"
"10602","-30.300","2.816","-29.504","27.391"
"10603","-30.252","2.825","-29.457","27.360"
"10604","-30.216","2.848","-29.422","27.354"
"10605","-30.180","2.867","-29.385","27.352"
"10606","-30.134","2.896","-29.346","27.318"
"10607","-30.093","2.911","-29.313","27.276"
"10608","-30.058","2.892","-29.272","27.276"
"10609","-30.020","2.913","-29.237","27.303"
"10610","-29.976","2.913","-29.198","27.338"
"10611","-29.941","2.896","-29.172","27.373"
"10612","-29.910","2.870","-29.133","27.388"
"10613","-29.868","2.902","-29.094","27.382"
"10614","-29.825","2.932","-29.053","27.349"
"10615","-29.785","2.898","-29.016","27.283"
"10616","-29.747","2.938","-28.979","27.214"
"10617","-29.708","2.940","-28.938","27.173"
"10618","-29.667","2.940","-28.905","27.148"
"10619","-29.626","2.944","-28.862","27.138"
"10620","-29.591","2.939","-28.829","27.138"
"10621","-29.550","2.921","-28.795","27.127"
"10622","-29.521","2.862","-28.768","27.105"
"10623","-29.490","2.883","-28.733","27.087"
"10624","-29.449","2.885","-28.688","27.107"
"10625","-29.404","2.891","-28.643","27.104"
"10626","-29.367","2.895","-28.612","27.095"
"10627","-29.324","2.899","-28.563","27.153"
"10628","-29.281","2.912","-28.528","27.199"
"10629","-29.244","2.905","-28.495","27.220"
"10630","-29.199","2.922","-28.450","27.238"
"10631","-29.158","2.912","-28.424","27.260"
"10632","-29.120","2.914","-28.377","27.260"
"10633","-29.083","2.907","-28.338","27.240"
"10634","-29.052","2.897","-28.311","27.194"
"10635","-29.017","2.876","-28.274","27.179"
"10636","-28.978","2.891","-28.231","27.214"
"10637","-28.938","2.897","-28.203","27.221"
"10638","-28.905","2.868","-28.174","27.173"
"10639","-28.862","2.889","-28.127","27.126"
"10640","-28.825","2.899","-28.094","27.109"
"10641","-28.786","2.926","-28.049","27.132"
"10642","-28.741","2.932","-28.016","27.101"
"10643","-28.708","2.916","-27.967","27.057"
"10644","-28.665","2.928","-27.938","27.038"
"10645","-28.630","2.951","-27.905","27.029"
"10646","-28.595","2.937","-27.866","27.025"
"10647","-28.564","2.918","-27.834","27.003"
"10648","-28.521","2.909","-27.803","27.000"
"10649","-28.491","2.924","-27.770","27.062"
"10650","-28.450","2.966","-27.723","27.095"
"10651","-28.413","2.958","-27.691","27.123"
"10652","-28.376","2.945","-27.652","27.147"
"10653","-28.339","2.974","-27.621","27.137"
"10654","-28.302","2.970","-27.588","27.176"
"10655","-28.266","2.960","-27.563","27.203"
"10656","-28.231","2.975","-27.519","27.209"
"10657","-28.194","2.996","-27.476","27.235"
"10658","-28.155","3.002","-27.445","27.207"
"10659","-28.112","3.040","-27.400","27.134"
"10660","-28.079","3.056","-27.375","27.069"
"10661","-28.047","3.050","-27.336","27.036"
"10662","-28.010","3.006","-27.306","26.998"
"10663","-27.977","3.018","-27.275","26.963"
"10664","-27.938","3.039","-27.234","26.954"
"10665","-27.903","3.046","-27.199","26.937"
"10666","-27.862","3.056","-27.160","26.954"
"10667","-27.821","3.081","-27.127","26.991"
"10668","-27.790","3.052","-27.092","26.976"
"10669","-27.754","3.042","-27.058","26.938"
"10670","-27.719","3.050","-27.023","26.883"
"10671","-27.684","3.054","-26.990","26.837"
"10672","-27.645","3.086","-26.955","26.805"
"10673","-27.606","3.088","-26.923","26.784"
"10674","-27.565","3.100","-26.880","26.783"
"10675","-27.533","3.101","-26.853","26.776"
"10676","-27.502","3.078","-26.820","26.767"
"10677","-27.465","3.067","-26.786","26.770"
"10678","-27.431","3.075","-26.747","26.811"
"10679","-27.394","3.107","-26.714","26.851"
"10680","-27.361","3.120","-26.679","26.867"
"10681","-27.326","3.134","-26.651","26.833"
"10682","-27.285","3.137","-26.620","26.836"
"10683","-27.261","3.115","-26.591","26.794"
"10684","-27.216","3.096","-26.550","26.737"
"10685","-27.183","3.113","-26.512","26.669"
"10686","-27.140","3.103","-26.479","26.627"
"10687","-27.105","3.073","-26.442","26.633"
"10688","-27.068","3.076","-26.411","26.669"
"10689","-27.035","3.061","-26.372","26.691"
"10690","-27.001","3.037","-26.352","26.657"
"10691","-26.970","3.017","-26.315","26.629"
"10692","-26.937","3.004","-26.280","26.623"
"10693","-26.895","2.990","-26.248","26.625"
"10694","-26.866","2.993","-26.213","26.629"
"10695","-26.825","2.987","-26.180","26.620"
"10696","-26.790","3.001","-26.149","26.611"
"10697","-26.751","3.010","-26.108","26.629"
"10698","-26.718","3.046","-26.067","26.666"
"10699","-26.667","3.054","-26.036","26.686"
"10700","-26.638","3.071","-25.997","26.660"
"10701","-26.609","3.069","-25.961","26.583"
"10702","-26.573","3.054","-25.934","26.473"
"10703","-26.538","3.058","-25.899","26.442"
"10704","-26.505","3.069","-25.864","26.457"
"10705","-26.464","3.060","-25.831","26.453"
"10706","-26.427","3.092","-25.801","26.448"
"10707","-26.396","3.111","-25.768","26.474"
"10708","-26.359","3.127","-25.733","26.496"
"10709","-26.331","3.157","-25.696","26.483"
"10710","-26.292","3.166","-25.660","26.444"
"10711","-26.255","3.157","-25.625","26.387"
"10712","-26.214","3.144","-25.588","26.362"
"10713","-26.185","3.167","-25.563","26.384"
"10714","-26.153","3.184","-25.530","26.406"
"10715","-26.120","3.150","-25.494","26.433"
"10716","-26.089","3.129","-25.461","26.442"
"10717","-26.048","3.148","-25.428","26.411"
"10718","-26.019","3.174","-25.391","26.332"
"10719","-25.982","3.197","-25.362","26.322"
"10720","-25.950","3.188","-25.332","26.345"
"10721","-25.913","3.173","-25.297","26.327"
"10722","-25.878","3.193","-25.264","26.290"
"10723","-25.852","3.192","-25.231","26.257"
"10724","-25.817","3.163","-25.197","26.239"
"10725","-25.780","3.176","-25.162","26.234"
"10726","-25.755","3.173","-25.141","26.237"
"10727","-25.727","3.167","-25.108","26.241"
"10728","-25.690","3.203","-25.069","26.182"
"10729","-25.655","3.232","-25.037","26.134"
"10730","-25.624","3.251","-25.006","26.112"
"10731","-25.592","3.234","-24.980","26.116"
"10732","-25.551","3.251","-24.941","26.147"
"10733","-25.524","3.268","-24.904","26.180"
"10734","-25.485","3.283","-24.869","26.193"
"10735","-25.448","3.291","-24.838","26.188"
"10736","-25.415","3.331","-24.809","26.149"
"10737","-25.380","3.375","-24.775","26.103"
"10738","-25.348","3.346","-24.742","26.103"
"10739","-25.317","3.308","-24.715","26.149"
"10740","-25.280","3.348","-24.674","26.193"
"10741","-25.245","3.365","-24.648","26.208"
"10742","-25.214","3.362","-24.609","26.232"
"10743","-25.190","3.312","-24.576","26.245"
"10744","-25.151","3.289","-24.537","26.212"
"10745","-25.118","3.268","-24.504","26.151"
"10746","-25.088","3.268","-24.469","26.140"
"10747","-25.051","3.283","-24.431","26.155"
"10748","-25.014","3.278","-24.396","26.171"
"10749","-24.981","3.251","-24.367","26.181"
"10750","-24.957","3.257","-24.328","26.179"
"10751","-24.918","3.274","-24.299","26.199"
"10752","-24.887","3.287","-24.271","26.245"
"10753","-24.863","3.274","-24.236","26.263"
"10754","-24.832","3.301","-24.212","26.285"
"10755","-24.799","3.293","-24.175","26.294"
"10756","-24.762","3.303","-24.138","26.322"
"10757","-24.729","3.266","-24.111","26.355"
"10758","-24.696","3.230","-24.072","26.373"
"10759","-24.655","3.236","-24.037","26.379"
"10760","-24.635","3.221","-24.017","26.388"
"10761","-24.608","3.190","-23.980","26.412"
"10762","-24.574","3.185","-23.955","26.484"
"10763","-24.539","3.190","-23.915","26.577"
"10764","-24.502","3.189","-23.878","26.643"
"10765","-24.459","3.156","-23.837","26.667"
"10766","-24.428","3.175","-23.810","26.603"
"10767","-24.408","3.198","-23.785","26.543"
"10768","-24.367","3.215","-23.752","26.583"
"10769","-24.338","3.217","-23.724","26.620"
"10770","-24.311","3.278","-23.693","26.624"
"10771","-24.278","3.238","-23.662","26.625"
"10772","-24.248","3.237","-23.627","26.668"
"10773","-24.213","3.261","-23.589","26.693"
"10774","-24.178","3.290","-23.556","26.704"
"10775","-24.137","3.320","-23.527","26.686"
"10776","-24.117","3.313","-23.498","26.679"
"10777","-24.078","3.326","-23.462","26.706"
"10778","-24.043","3.303","-23.435","26.734"
"10779","-24.022","3.317","-23.410","26.804"
"10780","-23.987","3.336","-23.378","26.866"
"10781","-23.953","3.305","-23.345","26.910"
"10782","-23.918","3.334","-23.310","26.958"
"10783","-23.881","3.332","-23.275","26.976"
"10784","-23.854","3.366","-23.246","26.967"
"10785","-23.815","3.365","-23.210","26.973"
"10786","-23.785","3.365","-23.181","26.995"
"10787","-23.760","3.368","-23.154","26.987"
"10788","-23.729","3.336","-23.119","26.952"
"10789","-23.695","3.334","-23.093","26.936"
"10790","-23.664","3.342","-23.062","26.962"
"10791","-23.631","3.367","-23.033","27.006"
"10792","-23.602","3.388","-23.003","27.053"
"10793","-23.574","3.361","-22.968","27.068"
"10794","-23.549","3.357","-22.945","27.050"
"10795","-23.518","3.382","-22.916","27.044"
"10796","-23.479","3.342","-22.880","27.059"
"10797","-23.445","3.363","-22.843","27.083"
"10798","-23.412","3.363","-22.812","27.107"
"10799","-23.379","3.369","-22.783","27.140"
"10800","-23.344","3.373","-22.753","27.177"
"10801","-23.313","3.375","-22.720","27.250"
"10802","-23.283","3.359","-22.687","27.300"
"10803","-23.244","3.401","-22.652","27.338"
"10804","-23.209","3.424","-22.615","27.379"
"10805","-23.176","3.443","-22.584","27.381"
"10806","-23.143","3.403","-22.560","27.366"
"10807","-23.119","3.403","-22.527","27.393"
"10808","-23.088","3.409","-22.503","27.430"
"10809","-23.057","3.380","-22.476","27.426"
"10810","-23.025","3.384","-22.441","27.423"
"10811","-22.996","3.399","-22.411","27.445"
"10812","-22.959","3.390","-22.378","27.448"
"10813","-22.932","3.390","-22.347","27.441"
"10814","-22.898","3.423","-22.316","27.397"
"10815","-22.869","3.402","-22.281","27.386"
"10816","-22.834","3.386","-22.259","27.399"
"10817","-22.807","3.369","-22.232","27.416"
"10818","-22.768","3.364","-22.197","27.454"
"10819","-22.746","3.369","-22.169","27.500"
"10820","-22.713","3.379","-22.138","27.566"
"10821","-22.684","3.330","-22.109","27.609"
"10822","-22.664","3.320","-22.087","27.612"
"10823","-22.637","3.356","-22.060","27.579"
"10824","-22.600","3.368","-22.023","27.541"
"10825","-22.567","3.358","-21.998","27.524"
"10826","-22.535","3.345","-21.966","27.519"
"10827","-22.508","3.322","-21.939","27.509"
"10828","-22.475","3.324","-21.908","27.466"
"10829","-22.447","3.322","-21.872","27.467"
"10830","-22.412","3.299","-21.845","27.486"
"10831","-22.391","3.295","-21.818","27.537"
"10832","-22.360","3.317","-21.791","27.616"
"10833","-22.322","3.326","-21.761","27.699"
"10834","-22.287","3.372","-21.728","27.719"
"10835","-22.250","3.376","-21.695","27.682"
"10836","-22.219","3.387","-21.664","27.664"
"10837","-22.191","3.385","-21.632","27.675"
"10838","-22.164","3.351","-21.603","27.728"
"10839","-22.137","3.376","-21.574","27.791"
"10840","-22.115","3.391","-21.550","27.800"
"10841","-22.084","3.385","-21.523","27.807"
"10842","-22.045","3.382","-21.494","27.800"
"10843","-22.012","3.376","-21.460","27.818"
"10844","-21.988","3.362","-21.431","27.837"
"10845","-21.957","3.364","-21.406","27.870"
"10846","-21.926","3.364","-21.384","27.901"
"10847","-21.904","3.357","-21.349","27.899"
"10848","-21.865","3.399","-21.314","27.871"
"10849","-21.844","3.463","-21.292","27.840"
"10850","-21.810","3.494","-21.265","27.811"
"10851","-21.783","3.473","-21.236","27.776"
"10852","-21.752","3.460","-21.206","27.761"
"10853","-21.722","3.477","-21.173","27.780"
"10854","-21.689","3.490","-21.140","27.818"
"10855","-21.656","3.481","-21.116","27.851"
"10856","-21.629","3.465","-21.083","27.881"
"10857","-21.599","3.458","-21.056","27.857"
"10858","-21.576","3.441","-21.034","27.844"
"10859","-21.549","3.439","-21.013","27.852"
"10860","-21.519","3.445","-20.984","27.824"
"10861","-21.486","3.462","-20.952","27.776"
"10862","-21.468","3.452","-20.929","27.760"
"10863","-21.425","3.462","-20.895","27.795"
"10864","-21.402","3.469","-20.860","27.848"
"10865","-21.367","3.492","-20.837","27.886"
"10866","-21.332","3.498","-20.794","27.923"
"10867","-21.306","3.496","-20.769","27.914"
"10868","-21.267","3.514","-20.741","27.905"
"10869","-21.244","3.508","-20.712","27.907"
"10870","-21.209","3.514","-20.677","27.934"
"10871","-21.179","3.481","-20.657","27.966"
"10872","-21.146","3.456","-20.626","27.975"
"10873","-21.129","3.460","-20.595","27.970"
"10874","-21.090","3.459","-20.566","27.982"
"10875","-21.060","3.443","-20.544","27.960"
"10876","-21.035","3.430","-20.513","27.916"
"10877","-21.013","3.400","-20.487","27.909"
"10878","-20.984","3.398","-20.458","27.900"
"10879","-20.953","3.388","-20.425","27.913"
"10880","-20.920","3.405","-20.398","27.920"
"10881","-20.881","3.421","-20.366","27.907"
"10882","-20.861","3.438","-20.337","27.882"
"10883","-20.841","3.447","-20.319","27.841"
"10884","-20.804","3.460","-20.288","27.812"
"10885","-20.773","3.453","-20.262","27.766"
"10886","-20.755","3.460","-20.239","27.747"
"10887","-20.728","3.440","-20.206","27.729"
"10888","-20.701","3.464","-20.188","27.656"
"10889","-20.677","3.440","-20.159","27.621"
"10890","-20.642","3.443","-20.130","27.650"
"10891","-20.607","3.466","-20.098","27.683"
"10892","-20.581","3.472","-20.063","27.691"
"10893","-20.552","3.474","-20.042","27.696"
"10894","-20.515","3.462","-20.014","27.683"
"10895","-20.493","3.449","-19.989","27.652"
"10896","-20.464","3.459","-19.959","27.641"
"10897","-20.437","3.468","-19.929","27.669"
"10898","-20.398","3.499","-19.893","27.675"
"10899","-20.369","3.514","-19.873","27.665"
"10900","-20.347","3.522","-19.849","27.686"
"10901","-20.320","3.535","-19.826","27.742"
"10902","-20.292","3.535","-19.794","27.777"
"10903","-20.267","3.514","-19.770","27.768"
"10904","-20.238","3.484","-19.744","27.766"
"10905","-20.206","3.472","-19.706","27.803"
"10906","-20.177","3.432","-19.682","27.829"
"10907","-20.144","3.431","-19.656","27.831"
"10908","-20.115","3.427","-19.630","27.822"
"10909","-20.095","3.448","-19.606","27.801"
"10910","-20.064","3.476","-19.576","27.735"
"10911","-20.033","3.469","-19.550","27.684"
"10912","-20.003","3.476","-19.519","27.669"
"10913","-19.975","3.522","-19.497","27.662"
"10914","-19.953","3.549","-19.465","27.671"
"10915","-19.923","3.534","-19.439","27.691"
"10916","-19.895","3.560","-19.421","27.728"
"10917","-19.867","3.568","-19.383","27.761"
"10918","-19.839","3.553","-19.367","27.774"
"10919","-19.823","3.551","-19.355","27.774"
"10920","-19.794","3.547","-19.315","27.757"
"10921","-19.772","3.549","-19.288","27.689"
"10922","-19.742","3.537","-19.266","27.616"
"10923","-19.714","3.524","-19.232","27.590"
"10924","-19.684","3.537","-19.206","27.604"
"10925","-19.654","3.570","-19.180","27.601"
"10926","-19.626","3.547","-19.156","27.616"
"10927","-19.596","3.539","-19.126","27.629"
"10928","-19.569","3.547","-19.104","27.664"
"10929","-19.543","3.537","-19.081","27.684"
"10930","-19.519","3.558","-19.049","27.717"
"10931","-19.495","3.564","-19.029","27.730"
"10932","-19.471","3.553","-19.003","27.728"
"10933","-19.449","3.577","-18.977","27.713"
"10934","-19.417","3.566","-18.947","27.680"
"10935","-19.387","3.581","-18.917","27.647"
"10936","-19.355","3.581","-18.891","27.616"
"10937","-19.329","3.560","-18.867","27.563"
"10938","-19.305","3.541","-18.841","27.502"
"10939","-19.274","3.528","-18.809","27.480"
"10940","-19.246","3.514","-18.784","27.477"
"10941","-19.220","3.490","-18.766","27.500"
"10942","-19.202","3.516","-18.742","27.544"
"10943","-19.176","3.530","-18.716","27.559"
"10944","-19.150","3.530","-18.692","27.499"
"10945","-19.122","3.524","-18.664","27.458"
"10946","-19.094","3.522","-18.644","27.462"
"10947","-19.066","3.524","-18.614","27.469"
"10948","-19.048","3.541","-18.592","27.431"
"10949","-19.020","3.562","-18.564","27.409"
"10950","-18.990","3.585","-18.536","27.407"
"10951","-18.962","3.593","-18.510","27.347"
"10952","-18.935","3.564","-18.488","27.279"
"10953","-18.913","3.583","-18.463","27.218"
"10954","-18.891","3.602","-18.443","27.159"
"10955","-18.859","3.614","-18.411","27.134"
"10956","-18.829","3.627","-18.385","27.161"
"10957","-18.805","3.646","-18.351","27.224"
"10958","-18.771","3.660","-18.329","27.262"
"10959","-18.751","3.658","-18.301","27.284"
"10960","-18.723","3.660","-18.277","27.263"
"10961","-18.695","3.652","-18.253","27.241"
"10962","-18.675","3.645","-18.229","27.222"
"10963","-18.659","3.632","-18.211","27.211"
"10964","-18.625","3.647","-18.181","27.257"
"10965","-18.592","3.633","-18.153","27.336"
"10966","-18.562","3.650","-18.127","27.374"
"10967","-18.544","3.681","-18.106","27.360"
"10968","-18.522","3.687","-18.074","27.363"
"10969","-18.488","3.679","-18.056","27.367"
"10970","-18.468","3.670","-18.028","27.316"
"10971","-18.442","3.658","-18.004","27.250"
"10972","-18.420","3.673","-17.980","27.226"
"10973","-18.396","3.675","-17.958","27.220"
"10974","-18.368","3.651","-17.930","27.228"
"10975","-18.340","3.624","-17.906","27.230"
"10976","-18.314","3.597","-17.876","27.226"
"10977","-18.285","3.599","-17.854","27.215"
"10978","-18.255","3.624","-17.818","27.215"
"10979","-18.231","3.649","-17.794","27.219"
"10980","-18.211","3.666","-17.770","27.239"
"10981","-18.183","3.676","-17.752","27.245"
"10982","-18.159","3.689","-17.722","27.202"
"10983","-18.137","3.697","-17.700","27.155"
"10984","-18.107","3.710","-17.673","27.158"
"10985","-18.069","3.693","-17.645","27.208"
"10986","-18.043","3.670","-17.615","27.270"
"10987","-18.015","3.695","-17.583","27.274"
"10988","-17.991","3.689","-17.567","27.250"
"10989","-17.964","3.676","-17.541","27.237"
"10990","-17.946","3.674","-17.519","27.208"
"10991","-17.918","3.659","-17.491","27.155"
"10992","-17.892","3.676","-17.467","27.173"
"10993","-17.862","3.712","-17.439","27.228"
"10994","-17.842","3.710","-17.424","27.232"
"10995","-17.824","3.712","-17.400","27.175"
"10996","-17.798","3.714","-17.378","27.098"
"10997","-17.776","3.748","-17.352","27.028"
"10998","-17.758","3.764","-17.332","27.017"
"10999","-17.734","3.764","-17.313","26.992"
"11000","-17.706","3.758","-17.298","26.964"
"11001","-17.684","3.798","-17.260","26.931"
"11002","-17.654","3.791","-17.238","26.889"
"11003","-17.630","3.813","-17.214","26.834"
"11004","-17.610","3.783","-17.190","26.750"
"11005","-17.585","3.789","-17.166","26.693"
"11006","-17.563","3.783","-17.138","26.693"
"11007","-17.527","3.796","-17.108","26.746"
"11008","-17.507","3.815","-17.090","26.788"
"11009","-17.485","3.813","-17.066","26.845"
"11010","-17.457","3.810","-17.039","26.913"
"11011","-17.429","3.804","-17.017","26.944"
"11012","-17.407","3.775","-16.997","26.896"
"11013","-17.381","3.791","-16.971","26.825"
"11014","-17.355","3.754","-16.947","26.733"
"11015","-17.335","3.734","-16.929","26.643"
"11016","-17.315","3.730","-16.905","26.618"
"11017","-17.292","3.735","-16.883","26.620"
"11018","-17.264","3.760","-16.845","26.654"
"11019","-17.240","3.762","-16.827","26.649"
"11020","-17.214","3.774","-16.807","26.640"
"11021","-17.184","3.785","-16.763","26.649"
"11022","-17.166","3.800","-16.743","26.675"
"11023","-17.138","3.825","-16.737","26.700"
"11024","-17.118","3.810","-16.700","26.715"
"11025","-17.090","3.787","-16.680","26.688"
"11026","-17.068","3.755","-16.660","26.631"
"11027","-17.056","3.759","-16.644","26.572"
"11028","-17.026","3.743","-16.624","26.528"
"11029","-16.994","3.753","-16.590","26.490"
"11030","-16.972","3.766","-16.558","26.466"
"11031","-16.933","3.793","-16.536","26.458"
"11032","-16.915","3.793","-16.512","26.456"
"11033","-16.883","3.736","-16.482","26.462"
"11034","-16.863","3.730","-16.456","26.453"
"11035","-16.841","3.738","-16.436","26.444"
"11036","-16.805","3.738","-16.408","26.435"
"11037","-16.781","3.776","-16.380","26.426"
"11038","-16.759","3.824","-16.362","26.404"
"11039","-16.727","3.816","-16.333","26.385"
"11040","-16.711","3.826","-16.313","26.391"
"11041","-16.683","3.829","-16.291","26.422"
"11042","-16.665","3.824","-16.265","26.449"
"11043","-16.643","3.818","-16.249","26.459"
"11044","-16.619","3.822","-16.227","26.470"
"11045","-16.585","3.812","-16.195","26.494"
"11046","-16.569","3.809","-16.175","26.507"
"11047","-16.553","3.822","-16.159","26.488"
"11048","-16.523","3.820","-16.135","26.470"
"11049","-16.496","3.803","-16.109","26.466"
"11050","-16.470","3.803","-16.083","26.485"
"11051","-16.448","3.794","-16.061","26.474"
"11052","-16.430","3.796","-16.043","26.421"
"11053","-16.402","3.801","-16.009","26.343"
"11054","-16.380","3.817","-15.995","26.290"
"11055","-16.362","3.778","-15.974","26.283"
"11056","-16.334","3.803","-15.949","26.311"
"11057","-16.314","3.817","-15.923","26.313"
"11058","-16.282","3.809","-15.902","26.327"
"11059","-16.262","3.828","-15.874","26.311"
"11060","-16.244","3.851","-15.856","26.265"
"11061","-16.228","3.851","-15.844","26.221"
"11062","-16.204","3.821","-15.818","26.204"
"11063","-16.175","3.836","-15.796","26.171"
"11064","-16.151","3.838","-15.766","26.125"
"11065","-16.123","3.834","-15.746","26.092"
"11066","-16.101","3.826","-15.718","26.089"
"11067","-16.075","3.838","-15.698","26.100"
"11068","-16.053","3.811","-15.674","26.109"
"11069","-16.033","3.823","-15.652","26.137"
"11070","-16.007","3.825","-15.633","26.149"
"11071","-15.981","3.827","-15.611","26.164"
"11072","-15.971","3.828","-15.591","26.171"
"11073","-15.947","3.844","-15.563","26.214"
"11074","-15.925","3.838","-15.549","26.252"
"11075","-15.905","3.853","-15.523","26.270"
"11076","-15.879","3.827","-15.505","26.270"
"11077","-15.861","3.819","-15.483","26.260"
"11078","-15.833","3.844","-15.461","26.263"
"11079","-15.818","3.840","-15.439","26.326"
"11080","-15.794","3.811","-15.417","26.360"
"11081","-15.772","3.825","-15.397","26.337"
"11082","-15.740","3.848","-15.371","26.339"
"11083","-15.716","3.842","-15.347","26.340"
"11084","-15.698","3.823","-15.325","26.331"
"11085","-15.676","3.838","-15.307","26.340"
"11086","-15.652","3.867","-15.280","26.346"
"11087","-15.634","3.859","-15.260","26.368"
"11088","-15.610","3.871","-15.242","26.403"
"11089","-15.584","3.871","-15.214","26.406"
"11090","-15.566","3.842","-15.200","26.370"
"11091","-15.545","3.855","-15.178","26.320"
"11092","-15.521","3.882","-15.150","26.267"
"11093","-15.499","3.899","-15.132","26.230"
"11094","-15.477","3.892","-15.110","26.221"
"11095","-15.457","3.909","-15.088","26.240"
"11096","-15.431","3.916","-15.068","26.295"
"11097","-15.403","3.913","-15.036","26.359"
"11098","-15.377","3.943","-15.018","26.401"
"11099","-15.347","3.947","-14.987","26.419"
"11100","-15.321","3.968","-14.959","26.447"
"11101","-15.299","3.991","-14.939","26.474"
"11102","-15.284","4.000","-14.923","26.487"
"11103","-15.264","4.006","-14.907","26.504"
"11104","-15.240","3.998","-14.885","26.533"
"11105","-15.220","3.991","-14.863","26.559"
"11106","-15.198","4.002","-14.837","26.574"
"11107","-15.178","4.015","-14.823","26.594"
"11108","-15.158","4.034","-14.792","26.641"
"11109","-15.126","4.033","-14.768","26.684"
"11110","-15.104","4.029","-14.752","26.693"
"11111","-15.086","4.050","-14.734","26.720"
"11112","-15.058","4.048","-14.710","26.775"
"11113","-15.044","4.038","-14.686","26.805"
"11114","-15.017","4.050","-14.664","26.863"
"11115","-14.997","4.046","-14.642","26.942"
"11116","-14.979","4.040","-14.626","27.007"
"11117","-14.965","4.034","-14.606","27.041"
"11118","-14.931","4.050","-14.576","27.032"
"11119","-14.915","4.036","-14.550","27.007"
"11120","-14.887","4.027","-14.532","26.966"
"11121","-14.867","4.023","-14.512","26.946"
"11122","-14.845","4.029","-14.491","26.966"
"11123","-14.819","4.014","-14.469","27.042"
"11124","-14.795","4.017","-14.441","27.163"
"11125","-14.765","4.016","-14.415","27.245"
"11126","-14.746","4.046","-14.397","27.267"
"11127","-14.726","4.056","-14.381","27.264"
"11128","-14.714","4.050","-14.367","27.223"
"11129","-14.692","4.018","-14.347","27.198"
"11130","-14.680","4.035","-14.327","27.198"
"11131","-14.650","4.048","-14.299","27.194"
"11132","-14.628","4.061","-14.279","27.190"
"11133","-14.608","4.042","-14.259","27.165"
"11134","-14.598","4.035","-14.250","27.144"
"11135","-14.562","4.025","-14.222","27.172"
"11136","-14.548","4.016","-14.202","27.201"
"11137","-14.526","4.010","-14.182","27.201"
"11138","-14.504","4.021","-14.164","27.167"
"11139","-14.482","4.046","-14.142","27.132"
"11140","-14.461","4.056","-14.118","27.139"
"11141","-14.441","4.077","-14.100","27.157"
"11142","-14.423","4.105","-14.080","27.227"
"11143","-14.401","4.103","-14.060","27.310"
"11144","-14.375","4.109","-14.034","27.363"
"11145","-14.351","4.115","-14.014","27.446"
"11146","-14.335","4.109","-13.994","27.528"
"11147","-14.313","4.100","-13.972","27.576"
"11148","-14.289","4.098","-13.954","27.583"
"11149","-14.273","4.065","-13.940","27.554"
"11150","-14.255","4.063","-13.917","27.539"
"11151","-14.227","4.052","-13.895","27.514"
"11152","-14.213","4.025","-13.879","27.504"
"11153","-14.187","4.025","-13.851","27.514"
"11154","-14.167","4.035","-13.829","27.537"
"11155","-14.148","4.056","-13.803","27.576"
"11156","-14.124","4.062","-13.791","27.596"
"11157","-14.108","4.062","-13.775","27.651"
"11158","-14.076","4.046","-13.747","27.728"
"11159","-14.060","4.079","-13.727","27.782"
"11160","-14.042","4.083","-13.705","27.791"
"11161","-14.012","4.092","-13.679","27.774"
"11162","-13.988","4.094","-13.665","27.752"
"11163","-13.968","4.128","-13.636","27.725"
"11164","-13.946","4.123","-13.618","27.671"
"11165","-13.932","4.092","-13.594","27.627"
"11166","-13.912","4.115","-13.582","27.614"
"11167","-13.890","4.113","-13.560","27.611"
"11168","-13.865","4.125","-13.538","27.637"
"11169","-13.849","4.094","-13.526","27.684"
"11170","-13.835","4.100","-13.500","27.714"
"11171","-13.811","4.117","-13.478","27.727"
"11172","-13.789","4.104","-13.460","27.716"
"11173","-13.767","4.113","-13.438","27.673"
"11174","-13.743","4.106","-13.416","27.627"
"11175","-13.725","4.077","-13.396","27.552"
"11176","-13.707","4.056","-13.382","27.486"
"11177","-13.687","4.041","-13.358","27.462"
"11178","-13.663","4.047","-13.338","27.451"
"11179","-13.633","4.043","-13.313","27.453"
"11180","-13.615","4.056","-13.291","27.453"
"11181","-13.593","4.069","-13.273","27.464"
"11182","-13.570","4.081","-13.251","27.494"
"11183","-13.561","4.077","-13.239","27.488"
"11184","-13.534","4.096","-13.221","27.519"
"11185","-13.518","4.106","-13.203","27.558"
"11186","-13.498","4.129","-13.173","27.604"
"11187","-13.480","4.142","-13.157","27.628"
"11188","-13.464","4.115","-13.141","27.617"
"11189","-13.438","4.123","-13.121","27.598"
"11190","-13.418","4.125","-13.097","27.574"
"11191","-13.398","4.125","-13.077","27.565"
"11192","-13.378","4.092","-13.065","27.540"
"11193","-13.352","4.066","-13.042","27.552"
"11194","-13.335","4.085","-13.024","27.595"
"11195","-13.316","4.104","-13.004","27.628"
"11196","-13.293","4.112","-12.980","27.642"
"11197","-13.267","4.134","-12.958","27.653"
"11198","-13.253","4.125","-12.944","27.653"
"11199","-13.243","4.085","-12.924","27.663"
"11200","-13.219","4.093","-12.902","27.664"
"11201","-13.201","4.079","-12.886","27.652"
"11202","-13.177","4.133","-12.868","27.657"
"11203","-13.157","4.161","-12.846","27.664"
"11204","-13.139","4.157","-12.830","27.626"
"11205","-13.113","4.171","-12.798","27.512"
"11206","-13.095","4.167","-12.780","27.459"
"11207","-13.071","4.154","-12.768","27.463"
"11208","-13.051","4.144","-12.739","27.503"
"11209","-13.027","4.177","-12.727","27.567"
"11210","-13.009","4.190","-12.695","27.610"
"11211","-12.994","4.177","-12.681","27.624"
"11212","-12.974","4.167","-12.663","27.663"
"11213","-12.950","4.152","-12.639","27.678"
"11214","-12.932","4.150","-12.623","27.663"
"11215","-12.910","4.146","-12.599","27.641"
"11216","-12.888","4.161","-12.585","27.643"
"11217","-12.876","4.175","-12.565","27.663"
"11218","-12.856","4.171","-12.553","27.685"
"11219","-12.836","4.173","-12.533","27.710"
"11220","-12.816","4.163","-12.509","27.723"
"11221","-12.796","4.194","-12.495","27.678"
"11222","-12.784","4.203","-12.473","27.610"
"11223","-12.752","4.179","-12.449","27.525"
"11224","-12.744","4.179","-12.433","27.476"
"11225","-12.710","4.160","-12.413","27.525"
"11226","-12.702","4.165","-12.400","27.588"
"11227","-12.688","4.152","-12.390","27.606"
"11228","-12.664","4.169","-12.356","27.626"
"11229","-12.641","4.190","-12.340","27.639"
"11230","-12.630","4.185","-12.328","27.626"
"11231","-12.619","4.177","-12.310","27.593"
"11232","-12.597","4.204","-12.298","27.553"
"11233","-12.573","4.198","-12.276","27.527"
"11234","-12.553","4.209","-12.258","27.538"
"11235","-12.541","4.221","-12.240","27.553"
"11236","-12.513","4.230","-12.210","27.551"
"11237","-12.497","4.219","-12.196","27.522"
"11238","-12.475","4.217","-12.172","27.511"
"11239","-12.455","4.229","-12.162","27.517"
"11240","-12.429","4.252","-12.136","27.533"
"11241","-12.421","4.261","-12.126","27.533"
"11242","-12.409","4.301","-12.108","27.551"
"11243","-12.381","4.297","-12.082","27.566"
"11244","-12.363","4.282","-12.072","27.553"
"11245","-12.345","4.292","-12.050","27.520"
"11246","-12.333","4.298","-12.028","27.482"
"11247","-12.307","4.297","-12.016","27.462"
"11248","-12.293","4.271","-12.004","27.473"
"11249","-12.271","4.277","-11.978","27.480"
"11250","-12.255","4.282","-11.957","27.489"
"11251","-12.227","4.263","-11.943","27.480"
"11252","-12.214","4.263","-11.923","27.449"
"11253","-12.186","4.275","-11.897","27.427"
"11254","-12.182","4.271","-11.885","27.442"
"11255","-12.154","4.275","-11.869","27.464"
"11256","-12.140","4.273","-11.847","27.462"
"11257","-12.114","4.254","-11.825","27.467"
"11258","-12.102","4.267","-11.813","27.456"
"11259","-12.086","4.264","-11.791","27.431"
"11260","-12.066","4.277","-11.775","27.402"
"11261","-12.052","4.290","-11.759","27.403"
"11262","-12.032","4.287","-11.741","27.385"
"11263","-12.012","4.264","-11.723","27.350"
"11264","-11.990","4.283","-11.703","27.306"
"11265","-11.972","4.283","-11.687","27.227"
"11266","-11.954","4.266","-11.667","27.187"
"11267","-11.928","4.290","-11.647","27.185"
"11268","-11.912","4.311","-11.629","27.207"
"11269","-11.896","4.304","-11.609","27.227"
"11270","-11.880","4.325","-11.591","27.206"
"11271","-11.864","4.350","-11.575","27.195"
"11272","-11.844","4.357","-11.559","27.193"
"11273","-11.828","4.374","-11.536","27.204"
"11274","-11.812","4.367","-11.526","27.222"
"11275","-11.790","4.380","-11.504","27.218"
"11276","-11.771","4.378","-11.484","27.198"
"11277","-11.747","4.350","-11.468","27.228"
"11278","-11.733","4.331","-11.448","27.270"
"11279","-11.707","4.342","-11.426","27.275"
"11280","-11.695","4.338","-11.414","27.224"
"11281","-11.671","4.329","-11.388","27.162"
"11282","-11.653","4.340","-11.378","27.094"
"11283","-11.649","4.331","-11.364","27.101"
"11284","-11.625","4.344","-11.344","27.158"
"11285","-11.605","4.358","-11.328","27.213"
"11286","-11.589","4.358","-11.316","27.296"
"11287","-11.571","4.360","-11.296","27.351"
"11288","-11.551","4.369","-11.280","27.367"
"11289","-11.543","4.358","-11.260","27.353"
"11290","-11.519","4.363","-11.238","27.307"
"11291","-11.499","4.383","-11.220","27.263"
"11292","-11.481","4.406","-11.204","27.195"
"11293","-11.465","4.404","-11.186","27.127"
"11294","-11.447","4.373","-11.168","27.122"
"11295","-11.429","4.396","-11.152","27.133"
"11296","-11.415","4.407","-11.136","27.147"
"11297","-11.397","4.387","-11.114","27.155"
"11298","-11.379","4.383","-11.106","27.144"
"11299","-11.363","4.392","-11.088","27.131"
"11300","-11.341","4.372","-11.066","27.107"
"11301","-11.321","4.328","-11.053","27.087"
"11302","-11.304","4.316","-11.033","27.054"
"11303","-11.280","4.312","-11.011","27.056"
"11304","-11.268","4.328","-10.997","27.061"
"11305","-11.248","4.324","-10.979","27.067"
"11306","-11.226","4.307","-10.949","27.056"
"11307","-11.210","4.301","-10.939","27.074"
"11308","-11.192","4.303","-10.923","27.106"
"11309","-11.174","4.324","-10.893","27.102"
"11310","-11.144","4.362","-10.875","27.076"
"11311","-11.122","4.362","-10.849","27.073"
"11312","-11.102","4.345","-10.833","27.051"
"11313","-11.090","4.364","-10.815","27.029"
"11314","-11.066","4.379","-10.797","27.018"
"11315","-11.052","4.387","-10.779","27.018"
"11316","-11.046","4.398","-10.769","27.027"
"11317","-11.032","4.393","-10.761","27.047"
"11318","-11.006","4.402","-10.736","27.074"
"11319","-10.989","4.416","-10.716","27.063"
"11320","-10.978","4.412","-10.711","26.990"
"11321","-10.959","4.442","-10.692","26.933"
"11322","-10.943","4.442","-10.676","26.865"
"11323","-10.923","4.433","-10.650","26.832"
"11324","-10.907","4.406","-10.638","26.825"
"11325","-10.881","4.418","-10.618","26.816"
"11326","-10.861","4.401","-10.602","26.821"
"11327","-10.845","4.380","-10.580","26.842"
"11328","-10.835","4.372","-10.568","26.880"
"11329","-10.819","4.370","-10.550","26.878"
"11330","-10.795","4.370","-10.528","26.829"
"11331","-10.783","4.366","-10.516","26.775"
"11332","-10.767","4.347","-10.498","26.755"
"11333","-10.753","4.343","-10.484","26.761"
"11334","-10.737","4.374","-10.468","26.755"
"11335","-10.715","4.406","-10.445","26.728"
"11336","-10.691","4.414","-10.431","26.687"
"11337","-10.672","4.414","-10.409","26.632"
"11338","-10.658","4.425","-10.399","26.610"
"11339","-10.640","4.420","-10.375","26.625"
"11340","-10.628","4.422","-10.365","26.645"
"11341","-10.614","4.422","-10.349","26.658"
"11342","-10.592","4.402","-10.331","26.664"
"11343","-10.572","4.412","-10.315","26.675"
"11344","-10.558","4.412","-10.295","26.649"
"11345","-10.538","4.401","-10.283","26.587"
"11346","-10.518","4.393","-10.257","26.515"
"11347","-10.502","4.433","-10.245","26.460"
"11348","-10.490","4.435","-10.227","26.453"
"11349","-10.468","4.452","-10.205","26.497"
"11350","-10.450","4.429","-10.191","26.539"
"11351","-10.438","4.435","-10.181","26.568"
"11352","-10.432","4.420","-10.169","26.550"
"11353","-10.416","4.418","-10.157","26.524"
"11354","-10.400","4.405","-10.141","26.508"
"11355","-10.381","4.376","-10.116","26.497"
"11356","-10.367","4.362","-10.108","26.480"
"11357","-10.349","4.385","-10.088","26.482"
"11358","-10.335","4.408","-10.076","26.508"
"11359","-10.319","4.450","-10.060","26.524"
"11360","-10.297","4.445","-10.038","26.530"
"11361","-10.273","4.447","-10.018","26.497"
"11362","-10.263","4.454","-10.008","26.453"
"11363","-10.249","4.460","-9.998","26.425"
"11364","-10.231","4.456","-9.973","26.413"
"11365","-10.209","4.481","-9.957","26.372"
"11366","-10.205","4.470","-9.949","26.359"
"11367","-10.185","4.456","-9.938","26.367"
"11368","-10.175","4.456","-9.924","26.345"
"11369","-10.157","4.475","-9.903","26.308"
"11370","-10.127","4.483","-9.885","26.297"
"11371","-10.119","4.479","-9.865","26.273"
"11372","-10.095","4.454","-9.854","26.246"
"11373","-10.089","4.416","-9.838","26.240"
"11374","-10.075","4.433","-9.827","26.218"
"11375","-10.061","4.449","-9.819","26.189"
"11376","-10.043","4.474","-9.799","26.194"
"11377","-10.027","4.476","-9.778","26.224"
"11378","-10.015","4.462","-9.768","26.250"
"11379","-9.995","4.472","-9.746","26.266"
"11380","-9.968","4.440","-9.727","26.264"
"11381","-9.951","4.422","-9.711","26.263"
"11382","-9.939","4.419","-9.700","26.266"
"11383","-9.923","4.447","-9.678","26.285"
"11384","-9.908","4.424","-9.668","26.301"
"11385","-9.886","4.402","-9.645","26.316"
"11386","-9.877","4.411","-9.637","26.314"
"11387","-9.861","4.440","-9.622","26.287"
"11388","-9.851","4.455","-9.610","26.235"
"11389","-9.830","4.440","-9.588","26.210"
"11390","-9.816","4.455","-9.571","26.175"
"11391","-9.800","4.482","-9.563","26.138"
"11392","-9.785","4.484","-9.540","26.103"
"11393","-9.765","4.480","-9.524","26.059"
"11394","-9.752","4.490","-9.514","26.017"
"11395","-9.744","4.478","-9.499","26.014"
"11396","-9.722","4.482","-9.487","26.043"
"11397","-9.703","4.461","-9.460","26.091"
"11398","-9.689","4.467","-9.448","26.139"
"11399","-9.676","4.474","-9.436","26.135"
"11400","-9.664","4.494","-9.417","26.124"
"11401","-9.648","4.494","-9.411","26.102"
"11402","-9.625","4.520","-9.388","26.122"
"11403","-9.617","4.522","-9.374","26.144"
"11404","-9.599","4.538","-9.358","26.161"
"11405","-9.584","4.530","-9.356","26.179"
"11406","-9.574","4.528","-9.337","26.258"
"11407","-9.555","4.549","-9.317","26.350"
"11408","-9.541","4.555","-9.300","26.405"
"11409","-9.514","4.566","-9.280","26.456"
"11410","-9.494","4.565","-9.263","26.493"
"11411","-9.494","4.551","-9.249","26.493"
"11412","-9.475","4.555","-9.241","26.475"
"11413","-9.453","4.559","-9.220","26.469"
"11414","-9.438","4.536","-9.200","26.488"
"11415","-9.416","4.565","-9.177","26.490"
"11416","-9.408","4.548","-9.173","26.484"
"11417","-9.389","4.548","-9.153","26.508"
"11418","-9.377","4.575","-9.144","26.536"
"11419","-9.365","4.576","-9.132","26.565"
"11420","-9.358","4.578","-9.118","26.580"
"11421","-9.340","4.596","-9.106","26.584"
"11422","-9.319","4.590","-9.089","26.600"
"11423","-9.309","4.565","-9.077","26.606"
"11424","-9.289","4.561","-9.054","26.597"
"11425","-9.276","4.565","-9.042","26.589"
"11426","-9.262","4.563","-9.035","26.618"
"11427","-9.248","4.558","-9.015","26.657"
"11428","-9.235","4.567","-9.001","26.696"
"11429","-9.225","4.560","-8.992","26.738"
"11430","-9.209","4.556","-8.970","26.762"
"11431","-9.190","4.575","-8.958","26.751"
"11432","-9.170","4.571","-8.937","26.711"
"11433","-9.157","4.568","-8.925","26.659"
"11434","-9.143","4.539","-8.915","26.635"
"11435","-9.135","4.549","-8.900","26.643"
"11436","-9.112","4.556","-8.876","26.709"
"11437","-9.096","4.558","-8.870","26.779"
"11438","-9.081","4.564","-8.855","26.861"
"11439","-9.061","4.572","-8.833","26.931"
"11440","-9.043","4.570","-8.816","26.972"
"11441","-9.034","4.566","-8.806","26.983"
"11442","-9.020","4.576","-8.792","26.997"
"11443","-9.000","4.606","-8.779","27.014"
"11444","-8.985","4.589","-8.765","27.023"
"11445","-8.971","4.581","-8.744","27.005"
"11446","-8.967","4.629","-8.738","26.979"
"11447","-8.952","4.623","-8.722","26.985"
"11448","-8.938","4.574","-8.712","27.012"
"11449","-8.924","4.597","-8.703","27.077"
"11450","-8.903","4.610","-8.681","27.124"
"11451","-8.887","4.601","-8.662","27.126"
"11452","-8.868","4.608","-8.654","27.099"
"11453","-8.868","4.612","-8.634","27.073"
"11454","-8.848","4.599","-8.623","27.058"
"11455","-8.831","4.603","-8.605","27.036"
"11456","-8.806","4.618","-8.588","27.027"
"11457","-8.794","4.635","-8.574","27.014"
"11458","-8.784","4.627","-8.557","27.034"
"11459","-8.765","4.648","-8.549","27.016"
"11460","-8.755","4.656","-8.535","26.994"
"11461","-8.743","4.666","-8.525","27.007"
"11462","-8.735","4.702","-8.511","27.040"
"11463","-8.716","4.687","-8.496","27.081"
"11464","-8.700","4.689","-8.478","27.125"
"11465","-8.683","4.721","-8.459","27.152"
"11466","-8.665","4.727","-8.449","27.143"
"11467","-8.659","4.710","-8.441","27.141"
"11468","-8.651","4.727","-8.424","27.165"
"11469","-8.634","4.725","-8.418","27.187"
"11470","-8.618","4.716","-8.398","27.215"
"11471","-8.604","4.731","-8.387","27.232"
"11472","-8.585","4.741","-8.371","27.257"
"11473","-8.568","4.729","-8.350","27.299"
"11474","-8.558","4.699","-8.340","27.327"
"11475","-8.548","4.643","-8.334","27.340"
"11476","-8.532","4.623","-8.320","27.336"
"11477","-8.523","4.586","-8.307","27.336"
"11478","-8.511","4.585","-8.287","27.357"
"11479","-8.489","4.615","-8.273","27.380"
"11480","-8.476","4.613","-8.258","27.373"
"11481","-8.460","4.617","-8.242","27.342"
"11482","-8.450","4.625","-8.229","27.346"
"11483","-8.431","4.644","-8.209","27.351"
"11484","-8.421","4.642","-8.201","27.324"
"11485","-8.400","4.642","-8.182","27.342"
"11486","-8.384","4.640","-8.168","27.368"
"11487","-8.367","4.654","-8.149","27.392"
"11488","-8.355","4.671","-8.135","27.430"
"11489","-8.337","4.675","-8.125","27.461"
"11490","-8.329","4.680","-8.114","27.463"
"11491","-8.316","4.719","-8.098","27.429"
"11492","-8.302","4.734","-8.088","27.392"
"11493","-8.292","4.738","-8.080","27.403"
"11494","-8.275","4.736","-8.059","27.440"
"11495","-8.249","4.757","-8.037","27.443"
"11496","-8.236","4.755","-8.028","27.421"
"11497","-8.238","4.757","-8.020","27.416"
"11498","-8.220","4.770","-8.004","27.389"
"11499","-8.216","4.768","-8.002","27.363"
"11500","-8.193","4.768","-7.979","27.374"
"11501","-8.179","4.768","-7.961","27.392"
"11502","-8.164","4.778","-7.948","27.398"
"11503","-8.146","4.778","-7.939","27.416"
"11504","-8.138","4.763","-7.926","27.469"
"11505","-8.129","4.767","-7.926","27.490"
"11506","-8.129","4.759","-7.911","27.506"
"11507","-8.107","4.744","-7.903","27.517"
"11508","-8.092","4.772","-7.887","27.541"
"11509","-8.070","4.757","-7.862","27.560"
"11510","-8.060","4.761","-7.852","27.528"
"11511","-8.047","4.778","-7.837","27.479"
"11512","-8.039","4.773","-7.823","27.440"
"11513","-8.019","4.753","-7.802","27.431"
"11514","-7.998","4.776","-7.780","27.440"
"11515","-7.982","4.782","-7.770","27.457"
"11516","-7.965","4.794","-7.760","27.488"
"11517","-7.947","4.813","-7.741","27.534"
"11518","-7.937","4.838","-7.731","27.569"
"11519","-7.928","4.861","-7.718","27.591"
"11520","-7.910","4.824","-7.706","27.611"
"11521","-7.906","4.801","-7.692","27.633"
"11522","-7.891","4.786","-7.684","27.641"
"11523","-7.873","4.784","-7.667","27.628"
"11524","-7.875","4.781","-7.659","27.591"
"11525","-7.861","4.769","-7.657","27.525"
"11526","-7.849","4.785","-7.643","27.487"
"11527","-7.838","4.802","-7.634","27.467"
"11528","-7.818","4.800","-7.612","27.456"
"11529","-7.805","4.798","-7.599","27.415"
"11530","-7.789","4.790","-7.579","27.362"
"11531","-7.771","4.789","-7.559","27.346"
"11532","-7.760","4.783","-7.550","27.349"
"11533","-7.752","4.775","-7.542","27.390"
"11534","-7.736","4.785","-7.528","27.439"
"11535","-7.723","4.775","-7.515","27.472"
"11536","-7.717","4.787","-7.512","27.502"
"11537","-7.709","4.806","-7.493","27.561"
"11538","-7.685","4.806","-7.483","27.632"
"11539","-7.676","4.822","-7.471","27.684"
"11540","-7.658","4.812","-7.452","27.669"
"11541","-7.647","4.818","-7.440","27.598"
"11542","-7.629","4.818","-7.427","27.510"
"11543","-7.625","4.801","-7.413","27.440"
"11544","-7.605","4.833","-7.401","27.423"
"11545","-7.592","4.805","-7.389","27.446"
"11546","-7.582","4.803","-7.378","27.480"
"11547","-7.564","4.807","-7.362","27.513"
"11548","-7.553","4.776","-7.351","27.523"
"11549","-7.535","4.782","-7.335","27.521"
"11550","-7.522","4.774","-7.319","27.497"
"11551","-7.510","4.761","-7.308","27.469"
"11552","-7.494","4.751","-7.292","27.446"
"11553","-7.477","4.748","-7.276","27.405"
"11554","-7.471","4.757","-7.265","27.372"
"11555","-7.455","4.771","-7.251","27.345"
"11556","-7.448","4.788","-7.247","27.321"
"11557","-7.426","4.822","-7.228","27.341"
"11558","-7.422","4.832","-7.216","27.363"
"11559","-7.409","4.843","-7.208","27.393"
"11560","-7.397","4.830","-7.193","27.468"
"11561","-7.387","4.837","-7.183","27.519"
"11562","-7.368","4.839","-7.169","27.543"
"11563","-7.364","4.836","-7.165","27.527"
"11564","-7.350","4.826","-7.154","27.488"
"11565","-7.340","4.818","-7.142","27.440"
"11566","-7.327","4.815","-7.130","27.400"
"11567","-7.313","4.813","-7.116","27.367"
"11568","-7.301","4.798","-7.105","27.352"
"11569","-7.288","4.811","-7.091","27.358"
"11570","-7.274","4.821","-7.077","27.362"
"11571","-7.264","4.838","-7.068","27.340"
"11572","-7.250","4.838","-7.054","27.276"
"11573","-7.231","4.847","-7.039","27.209"
"11574","-7.219","4.849","-7.023","27.158"
"11575","-7.206","4.866","-7.005","27.133"
"11576","-7.192","4.882","-6.994","27.131"
"11577","-7.188","4.872","-6.988","27.138"
"11578","-7.176","4.872","-6.976","27.149"
"11579","-7.155","4.884","-6.957","27.144"
"11580","-7.143","4.912","-6.939","27.122"
"11581","-7.126","4.924","-6.921","27.114"
"11582","-7.110","4.884","-6.914","27.102"
"11583","-7.095","4.869","-6.898","27.103"
"11584","-7.085","4.859","-6.882","27.113"
"11585","-7.069","4.848","-6.876","27.116"
"11586","-7.059","4.821","-6.861","27.072"
"11587","-7.050","4.829","-6.855","27.036"
"11588","-7.040","4.835","-6.847","26.997"
"11589","-7.036","4.827","-6.841","26.949"
"11590","-7.026","4.825","-6.824","26.950"
"11591","-7.013","4.825","-6.822","26.973"
"11592","-6.991","4.835","-6.798","27.036"
"11593","-6.983","4.840","-6.779","27.098"
"11594","-6.968","4.839","-6.777","27.148"
"11595","-6.962","4.844","-6.765","27.175"
"11596","-6.952","4.827","-6.757","27.174"
"11597","-6.940","4.835","-6.742","27.146"
"11598","-6.927","4.854","-6.730","27.097"
"11599","-6.909","4.856","-6.720","27.038"
"11600","-6.895","4.864","-6.699","26.968"
"11601","-6.882","4.869","-6.687","26.933"
"11602","-6.874","4.871","-6.676","26.933"
"11603","-6.854","4.892","-6.664","26.948"
"11604","-6.843","4.889","-6.652","26.981"
"11605","-6.829","4.908","-6.640","27.027"
"11606","-6.817","4.902","-6.625","27.049"
"11607","-6.806","4.898","-6.615","27.079"
"11608","-6.790","4.894","-6.601","27.132"
"11609","-6.784","4.892","-6.590","27.172"
"11610","-6.771","4.908","-6.576","27.174"
"11611","-6.755","4.940","-6.560","27.128"
"11612","-6.743","4.923","-6.553","27.073"
"11613","-6.741","4.908","-6.549","27.024"
"11614","-6.726","4.929","-6.543","26.957"
"11615","-6.724","4.969","-6.529","26.884"
"11616","-6.696","4.990","-6.510","26.848"
"11617","-6.692","5.003","-6.502","26.822"
"11618","-6.673","4.996","-6.482","26.796"
"11619","-6.671","4.990","-6.482","26.758"
"11620","-6.659","5.019","-6.472","26.710"
"11621","-6.649","5.036","-6.455","26.655"
"11622","-6.636","5.057","-6.449","26.619"
"11623","-6.624","5.036","-6.437","26.626"
"11624","-6.605","5.044","-6.414","26.679"
"11625","-6.591","5.046","-6.402","26.740"
"11626","-6.581","5.044","-6.387","26.793"
"11627","-6.565","5.053","-6.381","26.824"
"11628","-6.563","5.042","-6.371","26.841"
"11629","-6.548","5.038","-6.361","26.869"
"11630","-6.530","5.036","-6.355","26.885"
"11631","-6.521","5.020","-6.334","26.915"
"11632","-6.505","5.025","-6.320","26.926"
"11633","-6.505","5.023","-6.318","26.920"
"11634","-6.491","5.025","-6.302","26.920"
"11635","-6.485","5.056","-6.291","26.909"
"11636","-6.475","5.035","-6.281","26.874"
"11637","-6.452","5.041","-6.263","26.818"
"11638","-6.436","5.043","-6.250","26.772"
"11639","-6.427","5.046","-6.242","26.728"
"11640","-6.415","5.052","-6.226","26.693"
"11641","-6.403","5.069","-6.218","26.634"
"11642","-6.386","5.035","-6.203","26.601"
"11643","-6.372","5.039","-6.189","26.585"
"11644","-6.364","5.033","-6.174","26.574"
"11645","-6.356","5.014","-6.166","26.541"
"11646","-6.343","5.016","-6.158","26.515"
"11647","-6.331","5.018","-6.142","26.491"
"11648","-6.319","5.018","-6.136","26.493"
"11649","-6.308","5.011","-6.125","26.528"
"11650","-6.294","4.986","-6.119","26.569"
"11651","-6.286","5.005","-6.099","26.607"
"11652","-6.266","5.036","-6.085","26.635"
"11653","-6.257","5.036","-6.076","26.607"
"11654","-6.251","5.013","-6.066","26.578"
"11655","-6.237","5.023","-6.050","26.530"
"11656","-6.220","5.007","-6.043","26.483"
"11657","-6.210","5.026","-6.025","26.463"
"11658","-6.200","5.023","-6.015","26.457"
"11659","-6.185","5.028","-5.998","26.488"
"11660","-6.167","5.028","-5.980","26.540"
"11661","-6.155","5.032","-5.970","26.549"
"11662","-6.144","5.015","-5.963","26.503"
"11663","-6.126","5.025","-5.949","26.444"
"11664","-6.128","5.024","-5.943","26.367"
"11665","-6.109","5.030","-5.932","26.305"
"11666","-6.095","5.030","-5.912","26.279"
"11667","-6.081","5.044","-5.900","26.277"
"11668","-6.071","5.050","-5.894","26.283"
"11669","-6.066","5.055","-5.881","26.298"
"11670","-6.054","5.050","-5.875","26.329"
"11671","-6.044","5.067","-5.861","26.351"
"11672","-6.029","5.051","-5.848","26.359"
"11673","-6.011","5.065","-5.842","26.410"
"11674","-6.009","5.057","-5.822","26.453"
"11675","-5.997","5.078","-5.816","26.469"
"11676","-5.986","5.065","-5.816","26.441"
"11677","-5.976","5.081","-5.801","26.394"
"11678","-5.966","5.097","-5.801","26.375"
"11679","-5.958","5.099","-5.781","26.375"
"11680","-5.945","5.099","-5.762","26.377"
"11681","-5.933","5.107","-5.758","26.362"
"11682","-5.919","5.097","-5.740","26.327"
"11683","-5.908","5.092","-5.725","26.272"
"11684","-5.898","5.099","-5.727","26.206"
"11685","-5.892","5.084","-5.711","26.197"
"11686","-5.875","5.067","-5.699","26.197"
"11687","-5.869","5.069","-5.692","26.195"
"11688","-5.851","5.063","-5.682","26.203"
"11689","-5.845","5.054","-5.672","26.203"
"11690","-5.828","5.058","-5.655","26.185"
"11691","-5.814","5.054","-5.649","26.168"
"11692","-5.803","5.046","-5.627","26.168"
"11693","-5.805","5.031","-5.626","26.157"
"11694","-5.785","5.021","-5.613","26.158"
"11695","-5.773","5.042","-5.602","26.146"
"11696","-5.754","5.048","-5.588","26.148"
"11697","-5.754","5.050","-5.579","26.144"
"11698","-5.737","5.064","-5.566","26.180"
"11699","-5.730","5.029","-5.553","26.212"
"11700","-5.722","5.052","-5.538","26.256"
"11701","-5.701","5.043","-5.532","26.275"
"11702","-5.689","5.060","-5.512","26.249"
"11703","-5.678","5.056","-5.497","26.214"
"11704","-5.660","5.085","-5.487","26.152"
"11705","-5.652","5.090","-5.472","26.091"
"11706","-5.637","5.081","-5.462","26.010"
"11707","-5.635","5.068","-5.460","25.930"
"11708","-5.627","5.071","-5.450","25.889"
"11709","-5.615","5.094","-5.442","25.864"
"11710","-5.598","5.104","-5.430","25.827"
"11711","-5.592","5.119","-5.409","25.801"
"11712","-5.578","5.121","-5.403","25.820"
"11713","-5.570","5.091","-5.395","25.831"
"11714","-5.561","5.074","-5.384","25.849"
"11715","-5.553","5.074","-5.380","25.890"
"11716","-5.541","5.082","-5.368","25.965"
"11717","-5.527","5.085","-5.360","26.007"
"11718","-5.522","5.074","-5.350","26.012"
"11719","-5.516","5.049","-5.344","26.024"
"11720","-5.496","5.098","-5.323","26.046"
"11721","-5.485","5.098","-5.315","26.055"
"11722","-5.471","5.097","-5.304","26.075"
"11723","-5.467","5.129","-5.294","26.097"
"11724","-5.449","5.173","-5.280","26.138"
"11725","-5.442","5.171","-5.270","26.163"
"11726","-5.430","5.190","-5.255","26.178"
"11727","-5.424","5.179","-5.259","26.171"
"11728","-5.418","5.171","-5.245","26.145"
"11729","-5.408","5.169","-5.231","26.121"
"11730","-5.395","5.177","-5.216","26.072"
"11731","-5.385","5.185","-5.218","26.046"
"11732","-5.379","5.183","-5.206","26.031"
"11733","-5.364","5.179","-5.196","26.033"
"11734","-5.354","5.166","-5.186","26.052"
"11735","-5.346","5.170","-5.181","26.096"
"11736","-5.332","5.181","-5.160","26.175"
"11737","-5.321","5.158","-5.153","26.270"
"11738","-5.311","5.167","-5.149","26.340"
"11739","-5.305","5.194","-5.139","26.358"
"11740","-5.289","5.206","-5.128","26.340"
"11741","-5.287","5.215","-5.110","26.300"
"11742","-5.270","5.229","-5.106","26.278"
"11743","-5.264","5.219","-5.104","26.279"
"11744","-5.260","5.236","-5.087","26.321"
"11745","-5.246","5.235","-5.075","26.390"
"11746","-5.229","5.231","-5.060","26.448"
"11747","-5.221","5.212","-5.044","26.505"
"11748","-5.215","5.214","-5.047","26.560"
"11749","-5.196","5.248","-5.036","26.592"
"11750","-5.186","5.262","-5.022","26.614"
"11751","-5.176","5.277","-5.009","26.625"
"11752","-5.160","5.298","-5.001","26.632"
"11753","-5.150","5.288","-4.982","26.631"
"11754","-5.135","5.300","-4.966","26.636"
"11755","-5.131","5.294","-4.964","26.633"
"11756","-5.114","5.269","-4.948","26.617"
"11757","-5.112","5.254","-4.942","26.620"
"11758","-5.092","5.254","-4.925","26.676"
"11759","-5.083","5.239","-4.915","26.722"
"11760","-5.067","5.241","-4.905","26.753"
"11761","-5.061","5.220","-4.894","26.761"
"11762","-5.055","5.199","-4.888","26.755"
"11763","-5.043","5.195","-4.880","26.779"
"11764","-5.036","5.197","-4.868","26.827"
"11765","-5.020","5.182","-4.858","26.867"
"11766","-5.022","5.169","-4.847","26.933"
"11767","-5.001","5.186","-4.833","26.952"
"11768","-4.989","5.182","-4.820","26.926"
"11769","-4.981","5.155","-4.822","26.897"
"11770","-4.971","5.149","-4.808","26.885"
"11771","-4.969","5.171","-4.810","26.901"
"11772","-4.955","5.201","-4.791","26.909"
"11773","-4.938","5.192","-4.773","26.886"
"11774","-4.928","5.201","-4.767","26.849"
"11775","-4.922","5.232","-4.760","26.829"
"11776","-4.915","5.249","-4.741","26.818"
"11777","-4.907","5.253","-4.736","26.840"
"11778","-4.893","5.255","-4.732","26.866"
"11779","-4.881","5.251","-4.725","26.885"
"11780","-4.875","5.238","-4.708","26.912"
"11781","-4.870","5.238","-4.699","26.934"
"11782","-4.858","5.249","-4.693","26.963"
"11783","-4.844","5.249","-4.685","26.974"
"11784","-4.834","5.253","-4.679","26.991"
"11785","-4.829","5.263","-4.667","27.026"
"11786","-4.821","5.261","-4.654","27.026"
"11787","-4.801","5.263","-4.638","27.022"
"11788","-4.780","5.288","-4.627","26.987"
"11789","-4.778","5.293","-4.620","26.977"
"11790","-4.778","5.291","-4.616","26.988"
"11791","-4.764","5.299","-4.599","27.019"
"11792","-4.756","5.330","-4.591","27.052"
"11793","-4.753","5.295","-4.595","27.078"
"11794","-4.735","5.299","-4.581","27.114"
"11795","-4.717","5.305","-4.561","27.155"
"11796","-4.711","5.288","-4.546","27.160"
"11797","-4.704","5.288","-4.542","27.149"
"11798","-4.696","5.290","-4.532","27.125"
"11799","-4.690","5.301","-4.532","27.120"
"11800","-4.674","5.321","-4.517","27.129"
"11801","-4.668","5.309","-4.507","27.139"
"11802","-4.654","5.296","-4.499","27.131"
"11803","-4.647","5.290","-4.483","27.080"
"11804","-4.633","5.306","-4.470","27.034"
"11805","-4.618","5.325","-4.462","27.021"
"11806","-4.608","5.334","-4.448","27.045"
"11807","-4.600","5.323","-4.438","27.077"
"11808","-4.584","5.321","-4.423","27.121"
"11809","-4.582","5.291","-4.419","27.139"
"11810","-4.572","5.281","-4.409","27.141"
"11811","-4.565","5.283","-4.403","27.158"
"11812","-4.555","5.300","-4.395","27.185"
"11813","-4.555","5.292","-4.395","27.198"
"11814","-4.535","5.272","-4.385","27.200"
"11815","-4.523","5.276","-4.368","27.180"
"11816","-4.514","5.268","-4.362","27.162"
"11817","-4.512","5.266","-4.350","27.131"
"11818","-4.499","5.275","-4.340","27.120"
"11819","-4.488","5.288","-4.333","27.127"
"11820","-4.473","5.295","-4.319","27.129"
"11821","-4.469","5.309","-4.308","27.165"
"11822","-4.461","5.318","-4.305","27.204"
"11823","-4.447","5.293","-4.290","27.235"
"11824","-4.443","5.295","-4.279","27.248"
"11825","-4.426","5.292","-4.274","27.235"
"11826","-4.424","5.293","-4.260","27.217"
"11827","-4.406","5.299","-4.251","27.208"
"11828","-4.400","5.280","-4.245","27.203"
"11829","-4.389","5.275","-4.233","27.228"
"11830","-4.379","5.288","-4.221","27.261"
"11831","-4.363","5.288","-4.204","27.294"
"11832","-4.355","5.300","-4.189","27.302"
"11833","-4.341","5.326","-4.180","27.295"
"11834","-4.328","5.326","-4.172","27.256"
"11835","-4.328","5.320","-4.167","27.196"
"11836","-4.310","5.317","-4.157","27.164"
"11837","-4.306","5.306","-4.151","27.141"
"11838","-4.300","5.298","-4.137","27.133"
"11839","-4.289","5.308","-4.131","27.154"
"11840","-4.273","5.310","-4.117","27.172"
"11841","-4.269","5.313","-4.110","27.199"
"11842","-4.257","5.294","-4.106","27.256"
"11843","-4.248","5.315","-4.092","27.302"
"11844","-4.240","5.321","-4.085","27.379"
"11845","-4.232","5.329","-4.071","27.414"
"11846","-4.220","5.336","-4.061","27.411"
"11847","-4.207","5.308","-4.055","27.387"
"11848","-4.205","5.304","-4.049","27.339"
"11849","-4.195","5.279","-4.042","27.303"
"11850","-4.189","5.293","-4.030","27.309"
"11851","-4.179","5.281","-4.024","27.326"
"11852","-4.172","5.280","-4.016","27.327"
"11853","-4.162","5.289","-4.010","27.336"
"11854","-4.150","5.284","-3.992","27.371"
"11855","-4.142","5.283","-3.985","27.396"
"11856","-4.127","5.304","-3.975","27.431"
"11857","-4.113","5.320","-3.959","27.485"
"11858","-4.097","5.339","-3.940","27.545"
"11859","-4.097","5.327","-3.934","27.547"
"11860","-4.086","5.328","-3.922","27.536"
"11861","-4.074","5.324","-3.922","27.505"
"11862","-4.070","5.335","-3.918","27.477"
"11863","-4.057","5.322","-3.900","27.466"
"11864","-4.050","5.312","-3.883","27.459"
"11865","-4.040","5.302","-3.885","27.456"
"11866","-4.027","5.290","-3.879","27.445"
"11867","-4.019","5.273","-3.868","27.406"
"11868","-4.011","5.282","-3.860","27.334"
"11869","-4.008","5.284","-3.844","27.289"
"11870","-4.000","5.288","-3.850","27.250"
"11871","-3.995","5.342","-3.844","27.219"
"11872","-3.988","5.343","-3.832","27.182"
"11873","-3.980","5.328","-3.820","27.181"
"11874","-3.967","5.347","-3.811","27.217"
"11875","-3.957","5.372","-3.795","27.254"
"11876","-3.943","5.378","-3.789","27.282"
"11877","-3.937","5.378","-3.781","27.305"
"11878","-3.927","5.366","-3.767","27.326"
"11879","-3.914","5.378","-3.762","27.342"
"11880","-3.910","5.369","-3.752","27.320"
"11881","-3.896","5.366","-3.743","27.291"
"11882","-3.888","5.351","-3.739","27.287"
"11883","-3.875","5.355","-3.723","27.342"
"11884","-3.866","5.347","-3.713","27.403"
"11885","-3.857","5.363","-3.709","27.467"
"11886","-3.851","5.357","-3.698","27.517"
"11887","-3.845","5.361","-3.692","27.531"
"11888","-3.833","5.380","-3.682","27.508"
"11889","-3.826","5.384","-3.678","27.464"
"11890","-3.824","5.393","-3.668","27.423"
"11891","-3.818","5.386","-3.664","27.379"
"11892","-3.804","5.390","-3.649","27.319"
"11893","-3.795","5.400","-3.637","27.253"
"11894","-3.785","5.416","-3.627","27.242"
"11895","-3.775","5.424","-3.623","27.225"
"11896","-3.767","5.422","-3.611","27.196"
"11897","-3.757","5.443","-3.604","27.207"
"11898","-3.748","5.462","-3.602","27.244"
"11899","-3.740","5.443","-3.588","27.281"
"11900","-3.740","5.453","-3.584","27.319"
"11901","-3.733","5.469","-3.578","27.359"
"11902","-3.718","5.447","-3.578","27.365"
"11903","-3.712","5.421","-3.566","27.349"
"11904","-3.705","5.442","-3.551","27.297"
"11905","-3.695","5.470","-3.527","27.274"
"11906","-3.685","5.474","-3.529","27.252"
"11907","-3.676","5.459","-3.517","27.248"
"11908","-3.667","5.442","-3.521","27.246"
"11909","-3.661","5.455","-3.508","27.243"
"11910","-3.649","5.474","-3.496","27.230"
"11911","-3.644","5.497","-3.492","27.217"
"11912","-3.636","5.484","-3.476","27.191"
"11913","-3.630","5.474","-3.480","27.168"
"11914","-3.624","5.478","-3.472","27.168"
"11915","-3.618","5.480","-3.466","27.175"
"11916","-3.612","5.477","-3.453","27.186"
"11917","-3.599","5.479","-3.439","27.181"
"11918","-3.585","5.492","-3.429","27.148"
"11919","-3.577","5.463","-3.429","27.104"
"11920","-3.573","5.471","-3.422","27.061"
"11921","-3.563","5.452","-3.412","27.045"
"11922","-3.554","5.450","-3.400","27.003"
"11923","-3.538","5.447","-3.388","26.950"
"11924","-3.530","5.420","-3.375","26.909"
"11925","-3.518","5.393","-3.371","26.875"
"11926","-3.516","5.393","-3.361","26.840"
"11927","-3.511","5.416","-3.351","26.864"
"11928","-3.493","5.437","-3.339","26.939"
"11929","-3.483","5.452","-3.334","26.985"
"11930","-3.475","5.439","-3.322","27.009"
"11931","-3.460","5.451","-3.300","27.023"
"11932","-3.448","5.430","-3.294","27.003"
"11933","-3.444","5.409","-3.290","26.978"
"11934","-3.446","5.401","-3.290","26.972"
"11935","-3.438","5.386","-3.277","26.991"
"11936","-3.419","5.403","-3.267","27.038"
"11937","-3.403","5.411","-3.253","27.044"
"11938","-3.405","5.396","-3.255","27.022"
"11939","-3.395","5.388","-3.244","26.980"
"11940","-3.386","5.392","-3.238","26.934"
"11941","-3.384","5.398","-3.230","26.916"
"11942","-3.380","5.411","-3.230","26.910"
"11943","-3.370","5.417","-3.220","26.901"
"11944","-3.352","5.426","-3.197","26.897"
"11945","-3.341","5.425","-3.187","26.886"
"11946","-3.335","5.409","-3.183","26.870"
"11947","-3.322","5.432","-3.173","26.857"
"11948","-3.315","5.484","-3.165","26.852"
"11949","-3.315","5.495","-3.165","26.843"
"11950","-3.303","5.514","-3.152","26.844"
"11951","-3.301","5.528","-3.150","26.835"
"11952","-3.294","5.518","-3.138","26.808"
"11953","-3.282","5.530","-3.136","26.758"
"11954","-3.276","5.528","-3.126","26.694"
"11955","-3.264","5.539","-3.116","26.670"
"11956","-3.268","5.522","-3.112","26.656"
"11957","-3.252","5.530","-3.106","26.634"
"11958","-3.239","5.536","-3.095","26.625"
"11959","-3.231","5.540","-3.081","26.628"
"11960","-3.225","5.562","-3.079","26.645"
"11961","-3.215","5.574","-3.069","26.654"
"11962","-3.215","5.559","-3.066","26.638"
"11963","-3.213","5.555","-3.062","26.639"
"11964","-3.203","5.570","-3.052","26.632"
"11965","-3.196","5.572","-3.038","26.603"
"11966","-3.186","5.614","-3.036","26.564"
"11967","-3.170","5.647","-3.021","26.546"
"11968","-3.157","5.666","-3.013","26.533"
"11969","-3.157","5.652","-3.003","26.543"
"11970","-3.143","5.624","-2.993","26.576"
"11971","-3.131","5.626","-2.975","26.594"
"11972","-3.112","5.605","-2.970","26.585"
"11973","-3.117","5.582","-2.968","26.541"
"11974","-3.104","5.607","-2.960","26.512"
"11975","-3.096","5.601","-2.948","26.469"
"11976","-3.086","5.582","-2.940","26.435"
"11977","-3.086","5.541","-2.934","26.416"
"11978","-3.076","5.533","-2.922","26.420"
"11979","-3.064","5.552","-2.913","26.448"
"11980","-3.057","5.554","-2.907","26.477"
"11981","-3.055","5.564","-2.897","26.518"
"11982","-3.047","5.600","-2.897","26.525"
"11983","-3.037","5.629","-2.883","26.521"
"11984","-3.027","5.638","-2.879","26.505"
"11985","-3.021","5.653","-2.877","26.514"
"11986","-3.012","5.671","-2.864","26.567"
"11987","-3.000","5.638","-2.850","26.626"
"11988","-2.992","5.640","-2.842","26.650"
"11989","-2.976","5.621","-2.834","26.634"
"11990","-2.971","5.600","-2.827","26.599"
"11991","-2.969","5.579","-2.819","26.507"
"11992","-2.961","5.543","-2.813","26.430"
"11993","-2.965","5.524","-2.809","26.373"
"11994","-2.941","5.517","-2.799","26.331"
"11995","-2.943","5.528","-2.789","26.314"
"11996","-2.925","5.530","-2.783","26.333"
"11997","-2.917","5.532","-2.772","26.390"
"11998","-2.910","5.527","-2.760","26.458"
"11999","-2.900","5.511","-2.758","26.498"
"12000","-2.894","5.506","-2.750","26.497"
"12001","-2.890","5.527","-2.736","26.458"
"12002","-2.878","5.546","-2.736","26.392"
"12003","-2.880","5.561","-2.728","26.321"
"12004","-2.864","5.611","-2.722","26.240"
"12005","-2.864","5.630","-2.715","26.187"
"12006","-2.853","5.638","-2.703","26.169"
"12007","-2.845","5.661","-2.697","26.161"
"12008","-2.847","5.689","-2.701","26.185"
"12009","-2.837","5.663","-2.687","26.250"
"12010","-2.823","5.653","-2.679","26.314"
"12011","-2.821","5.655","-2.664","26.323"
"12012","-2.813","5.644","-2.663","26.290"
"12013","-2.803","5.625","-2.660","26.259"
"12014","-2.803","5.629","-2.652","26.257"
"12015","-2.782","5.638","-2.640","26.274"
"12016","-2.782","5.640","-2.632","26.287"
"12017","-2.766","5.633","-2.624","26.323"
"12018","-2.751","5.633","-2.609","26.375"
"12019","-2.743","5.644","-2.599","26.393"
"12020","-2.741","5.650","-2.601","26.368"
"12021","-2.739","5.644","-2.595","26.331"
"12022","-2.723","5.656","-2.583","26.300"
"12023","-2.713","5.658","-2.573","26.278"
"12024","-2.709","5.643","-2.567","26.258"
"12025","-2.705","5.620","-2.561","26.221"
"12026","-2.701","5.639","-2.554","26.179"
"12027","-2.694","5.656","-2.550","26.133"
"12028","-2.680","5.677","-2.536","26.098"
"12029","-2.678","5.685","-2.534","26.093"
"12030","-2.672","5.664","-2.526","26.115"
"12031","-2.660","5.672","-2.516","26.165"
"12032","-2.647","5.660","-2.501","26.203"
"12033","-2.639","5.653","-2.493","26.223"
"12034","-2.631","5.639","-2.485","26.223"
"12035","-2.621","5.622","-2.481","26.203"
"12036","-2.613","5.594","-2.469","26.187"
"12037","-2.606","5.582","-2.464","26.178"
"12038","-2.598","5.596","-2.460","26.180"
"12039","-2.596","5.607","-2.456","26.209"
"12040","-2.588","5.623","-2.444","26.253"
"12041","-2.584","5.621","-2.436","26.297"
"12042","-2.574","5.613","-2.430","26.323"
"12043","-2.566","5.596","-2.426","26.347"
"12044","-2.568","5.602","-2.422","26.362"
"12045","-2.562","5.612","-2.420","26.356"
"12046","-2.562","5.623","-2.412","26.351"
"12047","-2.544","5.644","-2.397","26.349"
"12048","-2.527","5.679","-2.383","26.346"
"12049","-2.517","5.667","-2.381","26.333"
"12050","-2.511","5.646","-2.369","26.338"
"12051","-2.505","5.646","-2.357","26.353"
"12052","-2.494","5.658","-2.359","26.395"
"12053","-2.488","5.643","-2.350","26.436"
"12054","-2.484","5.654","-2.344","26.500"
"12055","-2.480","5.641","-2.336","26.557"
"12056","-2.470","5.656","-2.322","26.594"
"12057","-2.464","5.672","-2.324","26.605"
"12058","-2.460","5.653","-2.324","26.572"
"12059","-2.462","5.664","-2.314","26.541"
"12060","-2.444","5.666","-2.297","26.524"
"12061","-2.427","5.660","-2.291","26.526"
"12062","-2.425","5.643","-2.277","26.548"
"12063","-2.417","5.634","-2.275","26.572"
"12064","-2.407","5.634","-2.259","26.591"
"12065","-2.400","5.647","-2.256","26.592"
"12066","-2.399","5.609","-2.253","26.622"
"12067","-2.386","5.613","-2.244","26.682"
"12068","-2.376","5.624","-2.236","26.727"
"12069","-2.370","5.643","-2.226","26.760"
"12070","-2.362","5.649","-2.220","26.769"
"12071","-2.354","5.627","-2.220","26.747"
"12072","-2.354","5.634","-2.206","26.740"
"12073","-2.348","5.657","-2.206","26.727"
"12074","-2.337","5.686","-2.204","26.719"
"12075","-2.323","5.665","-2.181","26.734"
"12076","-2.325","5.655","-2.183","26.731"
"12077","-2.311","5.661","-2.169","26.753"
"12078","-2.309","5.655","-2.164","26.808"
"12079","-2.298","5.676","-2.156","26.910"
"12080","-2.296","5.718","-2.152","26.993"
"12081","-2.290","5.718","-2.144","27.050"
"12082","-2.282","5.722","-2.144","27.074"
"12083","-2.276","5.747","-2.134","27.098"
"12084","-2.262","5.755","-2.120","27.166"
"12085","-2.253","5.745","-2.113","27.215"
"12086","-2.253","5.717","-2.111","27.217"
"12087","-2.245","5.730","-2.105","27.219"
"12088","-2.231","5.741","-2.091","27.208"
"12089","-2.229","5.736","-2.085","27.182"
"12090","-2.231","5.724","-2.089","27.168"
"12091","-2.219","5.743","-2.079","27.184"
"12092","-2.210","5.743","-2.066","27.205"
"12093","-2.202","5.723","-2.060","27.234"
"12094","-2.194","5.713","-2.054","27.258"
"12095","-2.188","5.709","-2.054","27.280"
"12096","-2.186","5.700","-2.040","27.295"
"12097","-2.171","5.696","-2.027","27.306"
"12098","-2.165","5.700","-2.019","27.307"
"12099","-2.155","5.738","-2.011","27.304"
"12100","-2.149","5.744","-2.003","27.315"
"12101","-2.141","5.746","-2.005","27.324"
"12102","-2.141","5.744","-1.995","27.341"
"12103","-2.126","5.740","-1.989","27.328"
"12104","-2.124","5.721","-1.985","27.299"
"12105","-2.118","5.706","-1.978","27.273"
"12106","-2.102","5.704","-1.962","27.256"
"12107","-2.098","5.710","-1.962","27.240"
"12108","-2.096","5.735","-1.954","27.240"
"12109","-2.086","5.744","-1.948","27.251"
"12110","-2.080","5.758","-1.933","27.282"
"12111","-2.077","5.777","-1.931","27.328"
"12112","-2.061","5.767","-1.923","27.413"
"12113","-2.059","5.750","-1.919","27.481"
"12114","-2.053","5.748","-1.913","27.536"
"12115","-2.047","5.746","-1.907","27.571"
"12116","-2.039","5.739","-1.897","27.543"
"12117","-2.033","5.724","-1.897","27.499"
"12118","-2.026","5.729","-1.886","27.483"
"12119","-2.020","5.724","-1.884","27.470"
"12120","-2.016","5.707","-1.870","27.494"
"12121","-2.010","5.676","-1.866","27.549"
"12122","-2.004","5.665","-1.860","27.578"
"12123","-1.998","5.693","-1.854","27.569"
"12124","-1.986","5.693","-1.846","27.542"
"12125","-1.971","5.671","-1.831","27.509"
"12126","-1.971","5.673","-1.829","27.468"
"12127","-1.967","5.675","-1.821","27.467"
"12128","-1.949","5.694","-1.805","27.458"
"12129","-1.939","5.692","-1.803","27.445"
"12130","-1.932","5.698","-1.796","27.428"
"12131","-1.924","5.732","-1.788","27.430"
"12132","-1.924","5.761","-1.790","27.450"
"12133","-1.914","5.766","-1.776","27.461"
"12134","-1.912","5.787","-1.770","27.465"
"12135","-1.900","5.799","-1.760","27.469"
"12136","-1.896","5.782","-1.754","27.485"
"12137","-1.883","5.795","-1.743","27.517"
"12138","-1.879","5.795","-1.747","27.546"
"12139","-1.877","5.776","-1.743","27.555"
"12140","-1.871","5.740","-1.735","27.546"
"12141","-1.863","5.749","-1.725","27.520"
"12142","-1.853","5.761","-1.715","27.475"
"12143","-1.846","5.746","-1.706","27.454"
"12144","-1.842","5.753","-1.698","27.449"
"12145","-1.826","5.748","-1.694","27.438"
"12146","-1.826","5.765","-1.688","27.455"
"12147","-1.816","5.752","-1.684","27.469"
"12148","-1.806","5.771","-1.666","27.490"
"12149","-1.799","5.773","-1.657","27.523"
"12150","-1.789","5.794","-1.649","27.557"
"12151","-1.783","5.834","-1.645","27.576"
"12152","-1.773","5.836","-1.637","27.568"
"12153","-1.775","5.822","-1.633","27.550"
"12154","-1.767","5.807","-1.627","27.504"
"12155","-1.767","5.792","-1.637","27.442"
"12156","-1.767","5.775","-1.623","27.418"
"12157","-1.750","5.794","-1.617","27.426"
"12158","-1.748","5.794","-1.610","27.462"
"12159","-1.742","5.815","-1.608","27.497"
"12160","-1.736","5.802","-1.602","27.499"
"12161","-1.724","5.792","-1.592","27.494"
"12162","-1.714","5.804","-1.584","27.507"
"12163","-1.712","5.802","-1.576","27.545"
"12164","-1.703","5.823","-1.567","27.580"
"12165","-1.691","5.834","-1.565","27.573"
"12166","-1.695","5.817","-1.559","27.530"
"12167","-1.689","5.819","-1.559","27.490"
"12168","-1.681","5.830","-1.551","27.483"
"12169","-1.675","5.840","-1.543","27.507"
"12170","-1.675","5.848","-1.537","27.545"
"12171","-1.664","5.851","-1.524","27.573"
"12172","-1.654","5.840","-1.524","27.569"
"12173","-1.648","5.810","-1.510","27.534"
"12174","-1.638","5.804","-1.502","27.489"
"12175","-1.638","5.804","-1.498","27.430"
"12176","-1.624","5.825","-1.484","27.412"
"12177","-1.617","5.840","-1.482","27.412"
"12178","-1.616","5.842","-1.476","27.423"
"12179","-1.605","5.846","-1.469","27.445"
"12180","-1.593","5.848","-1.467","27.450"
"12181","-1.589","5.850","-1.453","27.447"
"12182","-1.580","5.825","-1.451","27.434"
"12183","-1.572","5.823","-1.432","27.432"
"12184","-1.562","5.858","-1.428","27.406"
"12185","-1.552","5.860","-1.420","27.351"
"12186","-1.540","5.871","-1.414","27.278"
"12187","-1.546","5.873","-1.410","27.260"
"12188","-1.540","5.866","-1.404","27.293"
"12189","-1.534","5.881","-1.408","27.381"
"12190","-1.528","5.845","-1.394","27.465"
"12191","-1.521","5.843","-1.384","27.533"
"12192","-1.511","5.818","-1.377","27.572"
"12193","-1.509","5.812","-1.371","27.555"
"12194","-1.505","5.820","-1.367","27.541"
"12195","-1.497","5.801","-1.361","27.517"
"12196","-1.487","5.816","-1.365","27.484"
"12197","-1.485","5.845","-1.355","27.447"
"12198","-1.482","5.885","-1.349","27.425"
"12199","-1.470","5.916","-1.343","27.414"
"12200","-1.470","5.919","-1.334","27.418"
"12201","-1.462","5.925","-1.326","27.414"
"12202","-1.454","5.938","-1.324","27.407"
"12203","-1.446","5.954","-1.310","27.363"
"12204","-1.441","5.969","-1.308","27.290"
"12205","-1.435","5.967","-1.300","27.242"
"12206","-1.431","5.948","-1.298","27.238"
"12207","-1.429","5.967","-1.293","27.233"
"12208","-1.423","5.965","-1.287","27.266"
"12209","-1.413","5.967","-1.279","27.341"
"12210","-1.396","5.985","-1.269","27.387"
"12211","-1.384","5.987","-1.261","27.389"
"12212","-1.388","5.985","-1.257","27.354"
"12213","-1.392","5.971","-1.261","27.321"
"12214","-1.386","5.962","-1.245","27.288"
"12215","-1.374","5.943","-1.242","27.233"
"12216","-1.370","5.943","-1.238","27.172"
"12217","-1.362","5.899","-1.230","27.123"
"12218","-1.353","5.886","-1.222","27.097"
"12219","-1.343","5.876","-1.209","27.101"
"12220","-1.339","5.886","-1.208","27.105"
"12221","-1.327","5.932","-1.197","27.127"
"12222","-1.319","5.941","-1.185","27.125"
"12223","-1.321","5.953","-1.187","27.118"
"12224","-1.313","5.936","-1.183","27.085"
"12225","-1.313","5.917","-1.181","27.039"
"12226","-1.311","5.905","-1.177","26.999"
"12227","-1.297","5.880","-1.169","26.980"
"12228","-1.292","5.892","-1.163","26.966"
"12229","-1.288","5.909","-1.155","26.953"
"12230","-1.286","5.890","-1.153","26.993"
"12231","-1.278","5.881","-1.148","27.043"
"12232","-1.270","5.890","-1.142","27.096"
"12233","-1.268","5.886","-1.132","27.122"
"12234","-1.255","5.854","-1.120","27.133"
"12235","-1.249","5.867","-1.116","27.133"
"12236","-1.233","5.884","-1.105","27.120"
"12237","-1.225","5.879","-1.099","27.105"
"12238","-1.221","5.865","-1.097","27.093"
"12239","-1.221","5.875","-1.085","27.084"
"12240","-1.204","5.873","-1.075","27.052"
"12241","-1.196","5.900","-1.066","27.025"
"12242","-1.200","5.909","-1.064","26.997"
"12243","-1.182","5.942","-1.054","26.974"
"12244","-1.176","5.971","-1.044","26.959"
"12245","-1.165","5.961","-1.042","26.946"
"12246","-1.167","5.957","-1.036","26.964"
"12247","-1.167","5.963","-1.030","26.992"
"12248","-1.155","5.974","-1.025","27.025"
"12249","-1.153","5.976","-1.017","27.062"
"12250","-1.153","5.957","-1.017","27.091"
"12251","-1.143","5.923","-1.015","27.119"
"12252","-1.137","5.902","-1.001","27.121"
"12253","-1.126","5.908","-0.997","27.106"
"12254","-1.120","5.925","-0.993","27.091"
"12255","-1.114","5.917","-0.982","27.084"
"12256","-1.102","5.893","-0.978","27.047"
"12257","-1.100","5.910","-0.968","27.003"
"12258","-1.094","5.916","-0.960","26.967"
"12259","-1.090","5.910","-0.960","26.937"
"12260","-1.087","5.921","-0.966","26.899"
"12261","-1.093","5.914","-0.966","26.919"
"12262","-1.083","5.912","-0.950","27.011"
"12263","-1.077","5.902","-0.946","27.124"
"12264","-1.067","5.897","-0.943","27.183"
"12265","-1.055","5.895","-0.931","27.154"
"12266","-1.051","5.904","-0.923","27.095"
"12267","-1.047","5.878","-0.915","27.007"
"12268","-1.038","5.874","-0.911","26.921"
"12269","-1.032","5.863","-0.899","26.846"
"12270","-1.034","5.830","-0.901","26.802"
"12271","-1.030","5.809","-0.901","26.822"
"12272","-1.014","5.836","-0.888","26.882"
"12273","-1.010","5.889","-0.880","26.928"
"12274","-1.002","5.914","-0.872","26.923"
"12275","-0.993","5.906","-0.862","26.897"
"12276","-0.991","5.880","-0.857","26.881"
"12277","-0.983","5.878","-0.851","26.837"
"12278","-0.970","5.855","-0.839","26.791"
"12279","-0.968","5.866","-0.837","26.769"
"12280","-0.954","5.866","-0.825","26.767"
"12281","-0.952","5.872","-0.822","26.769"
"12282","-0.948","5.882","-0.818","26.772"
"12283","-0.940","5.895","-0.816","26.765"
"12284","-0.929","5.924","-0.802","26.761"
"12285","-0.924","5.924","-0.798","26.760"
"12286","-0.924","5.918","-0.800","26.762"
"12287","-0.917","5.916","-0.788","26.754"
"12288","-0.905","5.922","-0.782","26.734"
"12289","-0.901","5.920","-0.778","26.714"
"12290","-0.889","5.916","-0.763","26.720"
"12291","-0.883","5.901","-0.755","26.732"
"12292","-0.887","5.878","-0.763","26.743"
"12293","-0.885","5.871","-0.759","26.749"
"12294","-0.883","5.901","-0.751","26.738"
"12295","-0.873","5.898","-0.751","26.720"
"12296","-0.868","5.907","-0.743","26.709"
"12297","-0.866","5.907","-0.739","26.703"
"12298","-0.858","5.917","-0.731","26.703"
"12299","-0.852","5.919","-0.726","26.683"
"12300","-0.840","5.951","-0.710","26.637"
"12301","-0.834","5.953","-0.702","26.590"
"12302","-0.830","5.938","-0.704","26.557"
"12303","-0.821","5.930","-0.694","26.553"
"12304","-0.815","5.913","-0.692","26.542"
"12305","-0.819","5.896","-0.690","26.537"
"12306","-0.817","5.890","-0.686","26.537"
"12307","-0.813","5.906","-0.686","26.539"
"12308","-0.803","5.925","-0.673","26.528"
"12309","-0.795","5.938","-0.674","26.495"
"12310","-0.797","5.938","-0.665","26.475"
"12311","-0.787","5.948","-0.661","26.438"
"12312","-0.785","5.931","-0.661","26.431"
"12313","-0.773","5.935","-0.651","26.445"
"12314","-0.766","5.967","-0.641","26.466"
"12315","-0.756","5.978","-0.633","26.466"
"12316","-0.748","5.982","-0.624","26.469"
"12317","-0.750","5.969","-0.618","26.453"
"12318","-0.740","5.977","-0.610","26.447"
"12319","-0.732","5.979","-0.604","26.444"
"12320","-0.728","5.973","-0.602","26.422"
"12321","-0.723","6.000","-0.598","26.407"
"12322","-0.721","6.019","-0.588","26.405"
"12323","-0.719","6.017","-0.588","26.383"
"12324","-0.721","6.011","-0.588","26.363"
"12325","-0.715","6.024","-0.582","26.334"
"12326","-0.707","6.030","-0.575","26.310"
"12327","-0.699","6.034","-0.575","26.277"
"12328","-0.697","6.019","-0.567","26.275"
"12329","-0.685","6.013","-0.557","26.279"
"12330","-0.676","6.009","-0.543","26.284"
"12331","-0.672","6.034","-0.537","26.279"
"12332","-0.662","6.050","-0.528","26.259"
"12333","-0.658","6.059","-0.528","26.235"
"12334","-0.650","6.069","-0.528","26.215"
"12335","-0.644","6.080","-0.522","26.209"
"12336","-0.646","6.073","-0.516","26.220"
"12337","-0.644","6.073","-0.512","26.239"
"12338","-0.636","6.073","-0.506","26.277"
"12339","-0.623","6.080","-0.492","26.305"
"12340","-0.627","6.065","-0.498","26.296"
"12341","-0.615","6.084","-0.496","26.276"
"12342","-0.611","6.101","-0.483","26.243"
"12343","-0.609","6.109","-0.481","26.204"
"12344","-0.601","6.109","-0.471","26.191"
"12345","-0.595","6.101","-0.469","26.199"
"12346","-0.587","6.121","-0.463","26.232"
"12347","-0.587","6.111","-0.463","26.256"
"12348","-0.578","6.115","-0.457","26.283"
"12349","-0.566","6.113","-0.439","26.294"
"12350","-0.568","6.106","-0.445","26.259"
"12351","-0.568","6.113","-0.441","26.219"
"12352","-0.566","6.115","-0.441","26.188"
"12353","-0.558","6.056","-0.424","26.186"
"12354","-0.546","6.037","-0.428","26.199"
"12355","-0.552","6.043","-0.424","26.256"
"12356","-0.546","6.039","-0.422","26.340"
"12357","-0.536","6.026","-0.406","26.406"
"12358","-0.527","6.009","-0.398","26.456"
"12359","-0.517","6.012","-0.391","26.498"
"12360","-0.515","6.028","-0.389","26.515"
"12361","-0.507","6.039","-0.385","26.539"
"12362","-0.505","6.058","-0.379","26.559"
"12363","-0.486","6.087","-0.359","26.572"
"12364","-0.482","6.091","-0.361","26.553"
"12365","-0.484","6.070","-0.355","26.522"
"12366","-0.476","6.054","-0.355","26.485"
"12367","-0.472","6.049","-0.347","26.471"
"12368","-0.470","6.060","-0.344","26.491"
"12369","-0.468","6.055","-0.340","26.548"
"12370","-0.460","6.026","-0.341","26.592"
"12371","-0.450","6.026","-0.324","26.634"
"12372","-0.450","6.034","-0.318","26.655"
"12373","-0.441","6.053","-0.316","26.673"
"12374","-0.439","6.040","-0.312","26.693"
"12375","-0.429","6.043","-0.301","26.717"
"12376","-0.417","6.068","-0.293","26.713"
"12377","-0.407","6.078","-0.279","26.719"
"12378","-0.407","6.106","-0.279","26.743"
"12379","-0.398","6.093","-0.279","26.778"
"12380","-0.398","6.116","-0.265","26.807"
"12381","-0.390","6.135","-0.265","26.840"
"12382","-0.394","6.131","-0.269","26.883"
"12383","-0.392","6.141","-0.255","26.927"
"12384","-0.372","6.124","-0.246","26.985"
"12385","-0.362","6.143","-0.234","27.011"
"12386","-0.364","6.141","-0.240","27.007"
"12387","-0.358","6.107","-0.232","26.993"
"12388","-0.356","6.109","-0.228","26.949"
"12389","-0.356","6.112","-0.230","26.947"
"12390","-0.347","6.133","-0.220","26.996"
"12391","-0.343","6.133","-0.222","27.026"
"12392","-0.333","6.153","-0.210","27.059"
"12393","-0.333","6.136","-0.212","27.072"
"12394","-0.325","6.149","-0.203","27.076"
"12395","-0.319","6.157","-0.197","27.092"
"12396","-0.321","6.132","-0.200","27.116"
"12397","-0.311","6.130","-0.191","27.177"
"12398","-0.303","6.138","-0.183","27.234"
"12399","-0.297","6.153","-0.169","27.278"
"12400","-0.292","6.151","-0.167","27.326"
"12401","-0.289","6.149","-0.161","27.362"
"12402","-0.282","6.146","-0.157","27.375"
"12403","-0.274","6.142","-0.149","27.381"
"12404","-0.270","6.169","-0.146","27.397"
"12405","-0.262","6.153","-0.136","27.434"
"12406","-0.256","6.132","-0.134","27.487"
"12407","-0.250","6.123","-0.136","27.526"
"12408","-0.250","6.110","-0.130","27.544"
"12409","-0.247","6.102","-0.120","27.564"
"12410","-0.241","6.079","-0.118","27.555"
"12411","-0.241","6.060","-0.122","27.546"
"12412","-0.239","6.045","-0.122","27.543"
"12413","-0.233","6.036","-0.114","27.557"
"12414","-0.227","6.036","-0.104","27.567"
"12415","-0.215","6.015","-0.096","27.578"
"12416","-0.217","6.021","-0.092","27.591"
"12417","-0.213","6.043","-0.087","27.602"
"12418","-0.203","6.057","-0.081","27.602"
"12419","-0.192","6.062","-0.077","27.581"
"12420","-0.191","6.063","-0.073","27.561"
"12421","-0.190","6.085","-0.063","27.554"
"12422","-0.191","6.105","-0.059","27.521"
"12423","-0.178","6.116","-0.051","27.501"
"12424","-0.174","6.139","-0.043","27.497"
"12425","-0.166","6.150","-0.043","27.521"
"12426","-0.158","6.143","-0.038","27.558"
"12427","-0.145","6.141","-0.020","27.571"
"12428","-0.141","6.129","-0.018","27.585"
"12429","-0.137","6.137","-0.020","27.582"
"12430","-0.135","6.150","-0.010","27.551"
"12431","-0.131","6.133","-0.006","27.518"
"12432","-0.125","6.152","-0.006","27.492"
"12433","-0.121","6.137","0.000","27.476"
"12434","-0.119","6.135","-0.002","27.461"
"12435","-0.125","6.135","0.005","27.455"
"12436","-0.117","6.147","0.006","27.450"
"12437","-0.115","6.143","0.008","27.459"
"12438","-0.109","6.164","0.011","27.491"
"12439","-0.111","6.172","0.011","27.524"
"12440","-0.099","6.218","0.019","27.557"
"12441","-0.089","6.239","0.027","27.573"
"12442","-0.087","6.252","0.029","27.566"
"12443","-0.086","6.250","0.042","27.570"
"12444","-0.082","6.254","0.040","27.593"
"12445","-0.074","6.245","0.048","27.634"
"12446","-0.072","6.243","0.048","27.678"
"12447","-0.066","6.248","0.054","27.707"
"12448","-0.066","6.220","0.059","27.713"
"12449","-0.062","6.172","0.063","27.686"
"12450","-0.048","6.188","0.073","27.638"
"12451","-0.042","6.203","0.075","27.579"
"12452","-0.038","6.207","0.084","27.550"
"12453","-0.027","6.216","0.100","27.548"
"12454","-0.019","6.199","0.102","27.589"
"12455","-0.015","6.228","0.105","27.653"
"12456","-0.007","6.247","0.109","27.699"
"12457","-0.005","6.266","0.109","27.715"
"12458","0.001","6.228","0.117","27.706"
"12459","0.012","6.266","0.125","27.688"
"12460","0.014","6.280","0.127","27.657"
"12461","0.020","6.259","0.134","27.627"
"12462","0.020","6.261","0.140","27.594"
"12463","0.028","6.263","0.148","27.580"
"12464","0.028","6.264","0.150","27.578"
"12465","0.032","6.268","0.150","27.593"
"12466","0.043","6.265","0.159","27.600"
"12467","0.041","6.268","0.167","27.615"
"12468","0.051","6.253","0.167","27.642"
"12469","0.059","6.225","0.175","27.688"
"12470","0.066","6.223","0.184","27.734"
"12471","0.070","6.238","0.186","27.764"
"12472","0.064","6.233","0.188","27.762"
"12473","0.070","6.236","0.192","27.742"
"12474","0.080","6.240","0.196","27.698"
"12475","0.084","6.229","0.202","27.672"
"12476","0.087","6.237","0.207","27.639"
"12477","0.097","6.248","0.215","27.597"
"12478","0.099","6.238","0.211","27.582"
"12479","0.107","6.254","0.225","27.597"
"12480","0.116","6.262","0.232","27.601"
"12481","0.116","6.241","0.238","27.599"
"12482","0.128","6.258","0.244","27.603"
"12483","0.134","6.252","0.246","27.628"
"12484","0.134","6.258","0.252","27.663"
"12485","0.141","6.250","0.259","27.704"
"12486","0.141","6.214","0.256","27.739"
"12487","0.138","6.224","0.252","27.772"
"12488","0.145","6.237","0.262","27.787"
"12489","0.147","6.245","0.264","27.768"
"12490","0.157","6.256","0.269","27.790"
"12491","0.163","6.277","0.281","27.834"
"12492","0.170","6.268","0.283","27.851"
"12493","0.174","6.272","0.281","27.849"
"12494","0.174","6.226","0.289","27.844"
"12495","0.176","6.188","0.292","27.844"
"12496","0.182","6.182","0.294","27.858"
"12497","0.188","6.186","0.298","27.862"
"12498","0.188","6.177","0.304","27.833"
"12499","0.193","6.175","0.312","27.770"
"12500","0.203","6.165","0.319","27.721"
"12501","0.203","6.177","0.323","27.679"
"12502","0.216","6.204","0.329","27.671"
"12503","0.218","6.232","0.331","27.668"
"12504","0.216","6.242","0.335","27.672"
"12505","0.219","6.261","0.341","27.677"
"12506","0.220","6.265","0.339","27.672"
"12507","0.224","6.259","0.342","27.661"
"12508","0.238","6.267","0.348","27.657"
"12509","0.236","6.259","0.360","27.661"
"12510","0.242","6.263","0.363","27.653"
"12511","0.249","6.276","0.365","27.641"
"12512","0.249","6.242","0.365","27.644"
"12513","0.257","6.233","0.373","27.663"
"12514","0.265","6.238","0.373","27.683"
"12515","0.272","6.259","0.387","27.701"
"12516","0.276","6.263","0.394","27.696"
"12517","0.286","6.261","0.394","27.677"
"12518","0.276","6.246","0.400","27.648"
"12519","0.284","6.235","0.402","27.630"
"12520","0.291","6.219","0.411","27.635"
"12521","0.297","6.212","0.415","27.633"
"12522","0.301","6.219","0.417","27.626"
"12523","0.305","6.246","0.417","27.621"
"12524","0.309","6.261","0.427","27.634"
"12525","0.311","6.267","0.429","27.641"
"12526","0.316","6.282","0.436","27.669"
"12527","0.328","6.267","0.448","27.709"
"12528","0.333","6.248","0.444","27.762"
"12529","0.337","6.262","0.448","27.790"
"12530","0.336","6.262","0.459","27.801"
"12531","0.345","6.243","0.465","27.773"
"12532","0.349","6.222","0.461","27.724"
"12533","0.347","6.199","0.465","27.674"
"12534","0.353","6.205","0.469","27.645"
"12535","0.361","6.264","0.481","27.632"
"12536","0.376","6.298","0.490","27.592"
"12537","0.378","6.302","0.492","27.554"
"12538","0.380","6.300","0.494","27.548"
"12539","0.387","6.306","0.496","27.568"
"12540","0.389","6.310","0.502","27.581"
"12541","0.386","6.291","0.498","27.577"
"12542","0.389","6.272","0.510","27.598"
"12543","0.397","6.277","0.509","27.600"
"12544","0.397","6.291","0.513","27.589"
"12545","0.405","6.304","0.515","27.569"
"12546","0.416","6.318","0.525","27.536"
"12547","0.413","6.333","0.531","27.475"
"12548","0.430","6.329","0.540","27.424"
"12549","0.433","6.325","0.546","27.365"
"12550","0.432","6.329","0.546","27.339"
"12551","0.449","6.331","0.559","27.317"
"12552","0.464","6.328","0.565","27.299"
"12553","0.466","6.328","0.565","27.308"
"12554","0.476","6.331","0.575","27.336"
"12555","0.485","6.375","0.583","27.363"
"12556","0.499","6.394","0.581","27.389"
"12557","0.512","6.356","0.594","27.419"
"12558","0.529","6.349","0.602","27.433"
"12559","0.545","6.336","0.609","27.411"
"12560","0.558","6.330","0.615","27.382"
"12561","0.579","6.338","0.631","27.360"
"12562","0.604","6.347","0.646","27.351"
"12563","0.621","6.351","0.653","27.340"
"12564","0.650","6.343","0.674","27.336"
"12565","0.675","6.319","0.688","27.327"
"12566","0.703","6.309","0.701","27.347"
"12567","0.724","6.298","0.717","27.368"
"12568","0.753","6.298","0.737","27.382"
"12569","0.791","6.309","0.770","27.395"
"12570","0.827","6.353","0.797","27.414"
"12571","0.865","6.367","0.829","27.447"
"12572","0.913","6.384","0.867","27.456"
"12573","0.946","6.401","0.902","27.449"
"12574","0.984","6.432","0.928","27.436"
"12575","1.022","6.415","0.967","27.418"
"12576","1.066","6.420","1.003","27.381"
"12577","1.096","6.384","1.033","27.352"
"12578","1.136","6.367","1.074","27.326"
"12579","1.184","6.371","1.110","27.293"
"12580","1.234","6.379","1.152","27.244"
"12581","1.287","6.377","1.194","27.187"
"12582","1.337","6.390","1.249","27.123"
"12583","1.394","6.383","1.297","27.073"
"12584","1.451","6.402","1.350","27.068"
"12585","1.508","6.429","1.400","27.112"
"12586","1.556","6.406","1.449","27.138"
